	700014409	700014515	700014609	700014731	700014785	700014911	700014971	700015070	700015131	700015197	700015263	700015428	700015442	700015639	700015720	700015863	700015940	700015997	700016038	700016125	700016301	700016346	700016379	700016462	700016548	700016626	700016698	700016782	700016908	700016978	700106399	700106496	700106554	700106933	700106987	700107046	700107195	700107381	700107495	700107552	700107765	700107822	700107879	700107936	700107999	700108101	700108167	700108224	700108290	700108479	700108536	700108602	700108788	700108845	700108902	700108960	700109113	700109179	700109236	700109323
700014409	0.0	0.570185583155	0.501823347529	0.505479486128	0.526842577838	0.493233903649	0.59179644772	0.489716186206	0.606386858942	0.525489022231	0.473423790129	0.585295642846	0.54097198678	0.542251999136	0.498398702679	0.651638216499	0.385704791662	0.470156484769	0.54616241709	0.517938463772	0.457417516159	0.529610121651	0.544574318739	0.471039115511	0.522277648485	0.583105020303	0.64424550975	0.557386976403	0.527107920699	0.461513060143	0.483762024355	0.631125446114	0.529627590266	0.469847398236	0.501895299226	0.56241338828	0.666326356644	0.509453300743	0.48842086277	0.601429401434	0.507554484969	0.635155635392	0.573860297699	0.64111830565	0.607640449795	0.531369893996	0.532203916576	0.537739483837	0.568246172035	0.618781688588	0.531570444139	0.627181462774	0.639988579631	0.594718174757	0.634124437181	0.551351776061	0.632943105078	0.628729562246	0.646124193491	0.642494917286
700014515	0.570185583155	0.0	0.49840524998	0.582010541941	0.39081223725	0.508222721468	0.627482299914	0.49249826418	0.612349197144	0.415585752323	0.538032157114	0.571639176657	0.609947691947	0.505137046183	0.669224283942	0.585190089218	0.633309480427	0.562179928129	0.514852971937	0.577199838512	0.598657845987	0.496751817539	0.497309023791	0.544842222518	0.594389300631	0.492358440921	0.518156017808	0.561760736622	0.548112666513	0.517451341486	0.635511552821	0.553504049652	0.62849973835	0.634271943281	0.48913652602	0.492478693008	0.644938272757	0.485645621254	0.464871645434	0.533068330235	0.594181619304	0.602377876026	0.501716118192	0.502641961961	0.618300521654	0.505126306917	0.541140937152	0.607029156088	0.531072943493	0.557017928553	0.5750835742	0.554138799795	0.572572040036	0.583246867042	0.546269643018	0.538792235953	0.624357910993	0.586452761115	0.65818723542	0.625841233599
700014609	0.501823347529	0.49840524998	0.0	0.482448632716	0.442468425256	0.476763473137	0.59773396365	0.457355117206	0.574462350145	0.36527962622	0.486136125185	0.499286160362	0.543176125403	0.478130979312	0.566605616964	0.583189705816	0.519556641838	0.482292160814	0.445201835145	0.516556911412	0.480672172865	0.43453464681	0.375825325594	0.45576169007	0.537191576056	0.451301613347	0.574187700304	0.55347445856	0.545308841316	0.430309593712	0.60594346115	0.603906225454	0.577862599791	0.519909696442	0.471829569047	0.490934968903	0.61932598786	0.449387838062	0.461282522384	0.522478896848	0.567491742028	0.60433818065	0.487469398136	0.567965475652	0.592869343563	0.475249911558	0.454123363453	0.528019566121	0.556042474961	0.578332124568	0.521972389448	0.567241458385	0.570119878284	0.580410924513	0.5296492665	0.529678984151	0.558765359281	0.543285216704	0.640206210178	0.627146544086
700014731	0.505479486128	0.582010541941	0.482448632716	0.0	0.563241240705	0.520220146043	0.537943534394	0.531043889995	0.526027856608	0.550445374768	0.552549831737	0.531183982198	0.485356139856	0.47274084387	0.53971227656	0.634002488021	0.464199272003	0.451331682825	0.4490183132	0.481600913221	0.40618716905	0.552291699315	0.489557247456	0.497619383846	0.497827196852	0.520514825083	0.641905579109	0.55077024634	0.520845228644	0.543520798642	0.49942129829	0.590589918725	0.480998379297	0.560988385413	0.490541035558	0.59383153576	0.626987289096	0.525676109177	0.535581975638	0.586120150418	0.404614464212	0.632014359148	0.588855320491	0.62475184046	0.621885857122	0.534239452375	0.480919604359	0.493768455848	0.564270877366	0.645108780316	0.502607658624	0.613971276345	0.605752329602	0.565717019662	0.611401384533	0.613230823008	0.616165758619	0.585731557491	0.598186917892	0.644130819379
700014785	0.526842577838	0.39081223725	0.442468425256	0.563241240705	0.0	0.474268724331	0.577704435679	0.447203382953	0.554238883953	0.437731631712	0.514458483432	0.506535360364	0.545476067718	0.480956120008	0.632498753635	0.542809015677	0.584551409613	0.52401548901	0.54514168059	0.527487258213	0.527320022186	0.47825884457	0.486481790207	0.51668282158	0.543266728208	0.48281028534	0.539341779329	0.480871183328	0.554779115485	0.453925967795	0.56962162505	0.552414245915	0.593056345307	0.577085927053	0.442416709439	0.470331585651	0.613063227008	0.470341842921	0.504042603868	0.472937243735	0.546199919984	0.621530306299	0.477487584775	0.49444204622	0.534346894051	0.463850045496	0.505982795439	0.554671561138	0.493363712299	0.51134444931	0.536676766646	0.523094698962	0.534673825205	0.534976113111	0.502125497507	0.474189822042	0.544164781135	0.564422592002	0.611736454341	0.632502268335
700014911	0.493233903649	0.508222721468	0.476763473137	0.520220146043	0.474268724331	0.0	0.615559288376	0.40661400019	0.624349646831	0.473292502409	0.470568285277	0.525430161198	0.518791076014	0.467522833084	0.574989232857	0.604123247932	0.487191440045	0.448523835071	0.500161202992	0.533922256937	0.514784396034	0.456008835153	0.491506296565	0.447976982189	0.562124259311	0.535596706996	0.591481488005	0.536783581398	0.488793126942	0.476264580901	0.611042675302	0.613822604908	0.583342565388	0.548892094315	0.506561849801	0.566848025687	0.60683364534	0.466293874522	0.504276521516	0.552131953074	0.522746520611	0.547661211726	0.534148228286	0.567292132582	0.55317546684	0.518504567429	0.484311705519	0.59433052605	0.508028366732	0.527556461335	0.54994802878	0.558969746149	0.559582203864	0.566992539634	0.585509535963	0.523773186	0.616897412835	0.593558990373	0.633210341223	0.60342669234
700014971	0.59179644772	0.627482299914	0.59773396365	0.537943534394	0.577704435679	0.615559288376	0.0	0.582843620178	0.368922935846	0.619181027806	0.565328769952	0.424603527294	0.573727593607	0.517620385623	0.680407346267	0.508260696329	0.533937776036	0.54955954215	0.606787965685	0.482394299964	0.485005835984	0.58251969639	0.574716009218	0.53634152925	0.499178624221	0.529619826447	0.517623740961	0.390368722389	0.604644486696	0.547926235209	0.51135430226	0.43422997067	0.530118112376	0.651949070447	0.582473856471	0.576002495377	0.463324262747	0.590808115464	0.572703548254	0.411395218571	0.461159432854	0.726820134316	0.455931633487	0.505267070441	0.456068729231	0.551306447723	0.564170835943	0.577669708825	0.593475030525	0.506728325006	0.517301544688	0.480217204997	0.494725281332	0.420196380781	0.514997858313	0.632968458811	0.458145342208	0.446583775338	0.453897434936	0.703190130834
700015070	0.489716186206	0.49249826418	0.457355117206	0.531043889995	0.447203382953	0.40661400019	0.582843620178	0.0	0.590954070593	0.448614233463	0.487846430884	0.504322293885	0.504968642387	0.495468738656	0.567021712223	0.59118622576	0.469100265471	0.491194128668	0.579401058872	0.545678048232	0.484690068609	0.499820851498	0.493118973422	0.515037856628	0.556121205461	0.542857167173	0.595013753568	0.513987759667	0.534345533003	0.410417511384	0.562920941407	0.627169127399	0.565079610121	0.570936468298	0.491048725805	0.537532160228	0.640325782659	0.475654994746	0.475407741216	0.521407586935	0.463117402894	0.591066995761	0.540244670633	0.599235124691	0.59036772759	0.583043642171	0.482727722309	0.56713425729	0.473101517474	0.532265471425	0.535847640909	0.55611936221	0.54247336683	0.518090484308	0.58229852874	0.521650589431	0.58759691284	0.560661210252	0.627840558296	0.621168837682
700015131	0.606386858942	0.612349197144	0.574462350145	0.526027856608	0.554238883953	0.624349646831	0.368922935846	0.590954070593	0.0	0.615221679967	0.644520596242	0.423940445927	0.581499062943	0.507718912902	0.697055628144	0.509878285929	0.588883162756	0.589416832218	0.584611049217	0.450427799027	0.486022155211	0.577950757615	0.579931488853	0.557065126509	0.547084008676	0.525159562365	0.515785861445	0.400863028687	0.638854950381	0.585296937752	0.47241705075	0.452992937244	0.540749449319	0.656154792655	0.562502368118	0.615636884232	0.53211524347	0.580252773798	0.569471003048	0.417320941753	0.541791937945	0.753345203752	0.417717006763	0.486100151753	0.5058119898	0.520307038799	0.529084516151	0.540403355178	0.598258784046	0.542261376278	0.543377043844	0.481910209303	0.491245788334	0.473198039895	0.514906642439	0.678441953268	0.537330659199	0.466107387782	0.478081696073	0.747598879621
700015197	0.525489022231	0.415585752323	0.36527962622	0.550445374768	0.437731631712	0.473292502409	0.619181027806	0.448614233463	0.615221679967	0.0	0.457694654367	0.53399179329	0.535571834584	0.492062377618	0.597994420835	0.563002174119	0.588615916936	0.520899060878	0.514483956457	0.568881478893	0.540223681204	0.487086909342	0.457849775591	0.471135043135	0.512933253814	0.466521069056	0.526266994871	0.570140641187	0.489569052649	0.442056582126	0.617987590266	0.594600070797	0.592338185139	0.564624151543	0.504866004752	0.506997780042	0.627654713568	0.509277638453	0.488177824542	0.518923916246	0.576355835465	0.581513391655	0.504177363163	0.549117677602	0.618529195477	0.513062173162	0.482283313457	0.567693891076	0.570087245855	0.571707047455	0.510309129642	0.582270465186	0.562866619571	0.526072962837	0.555390251267	0.491691445669	0.595558420812	0.586175484614	0.656033975039	0.591834499765
700015263	0.473423790129	0.538032157114	0.486136125185	0.552549831737	0.514458483432	0.470568285277	0.565328769952	0.487846430884	0.644520596242	0.457694654367	0.0	0.588365614221	0.543398863263	0.527813664813	0.529342053692	0.653470387821	0.503736987022	0.522944360264	0.518051779101	0.52656888144	0.525204417152	0.505955186892	0.505351057215	0.446341707977	0.575850811294	0.54315313419	0.588458870103	0.573345565189	0.542370108293	0.447350899847	0.589143639148	0.615460776746	0.558606215648	0.53302102995	0.52154009646	0.49104807649	0.632715411098	0.483711691503	0.518552954285	0.531647402608	0.559608767773	0.637050570896	0.538456025905	0.591736424833	0.564009747111	0.545296023571	0.523969478145	0.576032206254	0.597047995455	0.584760604417	0.516566060397	0.524176995342	0.582725092961	0.58771466353	0.609729322973	0.494685192367	0.549167558073	0.601098572505	0.61101339202	0.623581069264
700015428	0.585295642846	0.571639176657	0.499286160362	0.531183982198	0.506535360364	0.525430161198	0.424603527294	0.504322293885	0.423940445927	0.53399179329	0.588365614221	0.0	0.533357616235	0.509443237795	0.632204825621	0.404380111271	0.549954645759	0.49761361575	0.590758122543	0.562866514263	0.511151732026	0.512709435406	0.472880393962	0.522306117219	0.540263878258	0.504349914844	0.459172125936	0.387129629244	0.549495506729	0.499203533481	0.594873044916	0.440612291551	0.596642749634	0.605057260484	0.532068761402	0.588979835199	0.441864732977	0.529239650945	0.56149908668	0.359228961273	0.507270082189	0.673443730385	0.385476481	0.491736167252	0.429805426141	0.559457575733	0.53502949957	0.570179008932	0.579198901999	0.423768014844	0.562549249916	0.455799208796	0.438714180339	0.408747634888	0.392430800643	0.590857056177	0.475072948995	0.383929048263	0.459778459249	0.674419722065
700015442	0.54097198678	0.609947691947	0.543176125403	0.485356139856	0.545476067718	0.518791076014	0.573727593607	0.504968642387	0.581499062943	0.535571834584	0.543398863263	0.533357616235	0.0	0.523957652389	0.473940022898	0.603530400921	0.477599614572	0.538556760059	0.528860087206	0.518894588314	0.445926674638	0.565452713867	0.538901624702	0.529803958033	0.478032090922	0.566624579215	0.675491544453	0.572246025639	0.491517840498	0.516417679906	0.500264471106	0.623867024823	0.528673240648	0.582154828053	0.547290909996	0.589400000174	0.676370382241	0.508433903634	0.548420620036	0.607039451831	0.500994227737	0.61941526329	0.639464703891	0.620234148173	0.5948327203	0.556688000272	0.50765228899	0.469955842982	0.575247406808	0.662936062634	0.538042788643	0.646789125279	0.607059717682	0.556422246474	0.65258057588	0.563393618808	0.619012698579	0.594558327008	0.61528276724	0.601884018451
700015639	0.542251999136	0.505137046183	0.478130979312	0.47274084387	0.480956120008	0.467522833084	0.517620385623	0.495468738656	0.507718912902	0.492062377618	0.527813664813	0.509443237795	0.523957652389	0.0	0.607456017695	0.59046902332	0.575730190083	0.440984093114	0.467645581266	0.458005209459	0.478135864991	0.468425506877	0.463043449009	0.444467397781	0.51448320187	0.48705403715	0.560030807575	0.511906229947	0.535664140724	0.500710167158	0.557030803318	0.595309332531	0.498443727745	0.538982776539	0.443656425696	0.560287002581	0.571456526124	0.486962298573	0.533148638111	0.529775699681	0.51751973031	0.673591821521	0.552088977276	0.572141705654	0.550571986082	0.524798069889	0.499514030768	0.49011857476	0.533704982849	0.575198822608	0.525290870546	0.572517435953	0.588929704488	0.553276296696	0.613228914282	0.558185981023	0.606785156652	0.548438378821	0.602531147766	0.663110686525
700015720	0.498398702679	0.669224283942	0.566605616964	0.53971227656	0.632498753635	0.574989232857	0.680407346267	0.567021712223	0.697055628144	0.597994420835	0.529342053692	0.632204825621	0.473940022898	0.607456017695	0.0	0.665360044896	0.521049537634	0.526207075403	0.56807524914	0.58911249714	0.530924082659	0.646071542484	0.588363012391	0.544697926551	0.588189243828	0.657012806142	0.705787919704	0.658794567165	0.535704261706	0.543393993871	0.600811092234	0.682264722928	0.558179626798	0.498499905776	0.600663403693	0.603582890308	0.725799547108	0.559774391611	0.625372543588	0.663865939092	0.564395088111	0.596254820045	0.67236428806	0.690543737267	0.638971689958	0.644308685077	0.581970511054	0.56703037772	0.63843382067	0.710873672938	0.579205966291	0.648438389922	0.70534767175	0.658537211633	0.662539759385	0.570362697906	0.656433188441	0.68928122444	0.602766356979	0.55010800313
700015863	0.651638216499	0.585190089218	0.583189705816	0.634002488021	0.542809015677	0.604123247932	0.508260696329	0.59118622576	0.509878285929	0.563002174119	0.653470387821	0.404380111271	0.603530400921	0.59046902332	0.665360044896	0.0	0.630389316975	0.561979195242	0.634304804379	0.609532145825	0.614311353944	0.545442453891	0.526907397777	0.633542705447	0.582402728978	0.607225385284	0.490924210312	0.488068611193	0.595366230563	0.612693129172	0.636678198818	0.466981656813	0.643787816414	0.599740319192	0.586550758103	0.552948612064	0.491096995422	0.572182410938	0.614055309597	0.43581993366	0.627921439815	0.712763516463	0.452264684378	0.455517482669	0.468906527759	0.602448161083	0.587304917158	0.617148214674	0.623009209979	0.480163620745	0.622870263801	0.45027617497	0.509014618066	0.414877090351	0.391468678004	0.615894274035	0.486175000565	0.37743021439	0.542110424735	0.652660309241
700015940	0.385704791662	0.633309480427	0.519556641838	0.464199272003	0.584551409613	0.487191440045	0.533937776036	0.469100265471	0.588883162756	0.588615916936	0.503736987022	0.549954645759	0.477599614572	0.575730190083	0.521049537634	0.630389316975	0.0	0.436217777945	0.519304506417	0.461504054414	0.370165135604	0.536888509439	0.553002498949	0.470686160385	0.483580590939	0.573141199532	0.683779245264	0.557629081389	0.505716690778	0.452297414636	0.431914894284	0.597173459797	0.481038890033	0.508145172583	0.511289231424	0.592175006799	0.648071945939	0.502892475097	0.535347207742	0.597983228224	0.446480257335	0.657789366711	0.584968954971	0.658328054839	0.618490221976	0.547380047262	0.512733615337	0.475834116902	0.609371233958	0.634069767105	0.491386668346	0.629260735855	0.606602143819	0.554239538091	0.622143814968	0.59823150229	0.616517386709	0.566920894134	0.614197420143	0.662179881979
700015997	0.470156484769	0.562179928129	0.482292160814	0.451331682825	0.52401548901	0.448523835071	0.54955954215	0.491194128668	0.589416832218	0.520899060878	0.522944360264	0.49761361575	0.538556760059	0.440984093114	0.526207075403	0.561979195242	0.436217777945	0.0	0.518882807236	0.50193047908	0.387516436059	0.464360283584	0.479853008613	0.43163815024	0.480824333291	0.51539307706	0.633692165673	0.539802058923	0.482839587695	0.42158583202	0.508863932595	0.617565140993	0.467358409603	0.454244579936	0.479520085804	0.55544685108	0.583037507417	0.497525828071	0.536415294398	0.551018588309	0.475337068258	0.61424357938	0.546303785373	0.610194792169	0.511724850436	0.514139919143	0.477932921399	0.508557140335	0.506692208845	0.553458236666	0.515100955535	0.619205808259	0.534544433249	0.575754049168	0.566996452281	0.534546195237	0.553961761908	0.525951127806	0.532511302005	0.592427783051
700016038	0.54616241709	0.514852971937	0.445201835145	0.4490183132	0.54514168059	0.500161202992	0.606787965685	0.579401058872	0.584611049217	0.514483956457	0.518051779101	0.590758122543	0.528860087206	0.467645581266	0.56807524914	0.634304804379	0.519304506417	0.518882807236	0.0	0.475221982958	0.500362004966	0.508422188129	0.475412294912	0.484837379574	0.576971425816	0.521956492061	0.611756688215	0.602478144453	0.509416153661	0.520156424628	0.600712530997	0.599491417673	0.571259221166	0.545981091074	0.478842009422	0.587735932654	0.620207633073	0.472327837514	0.53997005539	0.584977637981	0.566975280475	0.645019310248	0.59088643292	0.61041417561	0.654784736298	0.528484687228	0.488217224066	0.527896036016	0.617200697441	0.647437473794	0.543567471404	0.616748254205	0.641213435148	0.593423465845	0.626269780324	0.639045798802	0.674973878093	0.58857210749	0.69256409098	0.681083040677
700016125	0.517938463772	0.577199838512	0.516556911412	0.481600913221	0.527487258213	0.533922256937	0.482394299964	0.545678048232	0.450427799027	0.568881478893	0.52656888144	0.562866514263	0.518894588314	0.458005209459	0.58911249714	0.609532145825	0.461504054414	0.50193047908	0.475221982958	0.0	0.402493202148	0.543189504626	0.510343700679	0.483519357806	0.467861807503	0.522745552581	0.635117216117	0.514903899376	0.546819804386	0.506569658284	0.421567269956	0.548527348737	0.437656944077	0.489357943843	0.506433457147	0.59068827074	0.598351519822	0.459380213139	0.537632409625	0.53240366017	0.416468565532	0.724005247898	0.537182498732	0.593364001597	0.584351786089	0.47833870579	0.463223536567	0.463660827517	0.577439455538	0.630174634154	0.420943876588	0.590802507771	0.626542616245	0.560569767378	0.63528194249	0.596075805346	0.619001973341	0.568366300182	0.614878106868	0.712021654566
700016301	0.457417516159	0.598657845987	0.480672172865	0.40618716905	0.527320022186	0.514784396034	0.485005835984	0.484690068609	0.486022155211	0.540223681204	0.525204417152	0.511151732026	0.445926674638	0.478135864991	0.530924082659	0.614311353944	0.370165135604	0.387516436059	0.500362004966	0.402493202148	0.0	0.515591375559	0.484848914338	0.460150973206	0.452848116378	0.520375848231	0.642116559413	0.494450567568	0.545145889071	0.448005650385	0.406931605059	0.604566510965	0.42180322706	0.538306279023	0.485181862658	0.575239316017	0.628874285525	0.49330559379	0.545754057524	0.521704652977	0.419956820915	0.692235589178	0.562153696926	0.610125791096	0.570207787146	0.484930547999	0.482290509884	0.461399950362	0.547485789915	0.594762348965	0.449678545328	0.5962796863	0.579242314699	0.526894355417	0.599720645963	0.583379793689	0.600466523002	0.566414090171	0.553151331903	0.690755244029
700016346	0.529610121651	0.496751817539	0.43453464681	0.552291699315	0.47825884457	0.456008835153	0.58251969639	0.499820851498	0.577950757615	0.487086909342	0.505955186892	0.512709435406	0.565452713867	0.468425506877	0.646071542484	0.545442453891	0.536888509439	0.464360283584	0.508422188129	0.543189504626	0.515591375559	0.0	0.482684734805	0.483367836195	0.543561368888	0.424135751642	0.55691620586	0.573427134251	0.533799707431	0.519777038921	0.602655023527	0.584775447592	0.599778199697	0.497417814777	0.494607886987	0.508657639887	0.555975653824	0.484809788847	0.468083657755	0.552838959472	0.570605320424	0.628093007937	0.524096122284	0.58222681193	0.57109911245	0.43219955679	0.490502680882	0.535573459272	0.543944548387	0.543402733048	0.577018838055	0.556706123381	0.573699255129	0.586778926985	0.566271826491	0.543175356709	0.585117367806	0.526935471214	0.632528685576	0.654678511644
700016379	0.544574318739	0.497309023791	0.375825325594	0.489557247456	0.486481790207	0.491506296565	0.574716009218	0.493118973422	0.579931488853	0.457849775591	0.505351057215	0.472880393962	0.538901624702	0.463043449009	0.588363012391	0.526907397777	0.553002498949	0.479853008613	0.475412294912	0.510343700679	0.484848914338	0.482684734805	0.0	0.450752995255	0.498182297568	0.4777087918	0.534541207653	0.483190145036	0.494842319914	0.457624326143	0.590081268985	0.556502237913	0.51709121046	0.53184774647	0.429861670007	0.520311064197	0.606428422603	0.44828471231	0.461221568677	0.497119502364	0.521109237306	0.593450480431	0.498958823008	0.592674247392	0.582948078306	0.4908943378	0.45551038932	0.551782624557	0.565867856666	0.582419462532	0.529103565927	0.515844475284	0.604074376405	0.530973108136	0.518744214928	0.528247737171	0.590368432108	0.500096074997	0.626427561152	0.645069681413
700016462	0.471039115511	0.544842222518	0.45576169007	0.497619383846	0.51668282158	0.447976982189	0.53634152925	0.515037856628	0.557065126509	0.471135043135	0.446341707977	0.522306117219	0.529803958033	0.444467397781	0.544697926551	0.633542705447	0.470686160385	0.43163815024	0.484837379574	0.483519357806	0.460150973206	0.483367836195	0.450752995255	0.0	0.505690859524	0.495672980498	0.591051077923	0.499277353774	0.475868737076	0.412157730666	0.530411367415	0.60156758728	0.514458415281	0.529341477058	0.445196489574	0.526348974105	0.638755300681	0.477409925862	0.495615627891	0.526255289274	0.490441436736	0.637887258992	0.525071048985	0.583250328005	0.620384857793	0.505491368922	0.478228849111	0.47734280993	0.569290511456	0.568713607958	0.483247287461	0.564815573608	0.599893993172	0.538602322123	0.592160947138	0.577668604271	0.617382838703	0.572130093766	0.611599710601	0.659257902544
700016548	0.522277648485	0.594389300631	0.537191576056	0.497827196852	0.543266728208	0.562124259311	0.499178624221	0.556121205461	0.547084008676	0.512933253814	0.575850811294	0.540263878258	0.478032090922	0.51448320187	0.588189243828	0.582402728978	0.483580590939	0.480824333291	0.576971425816	0.467861807503	0.452848116378	0.543561368888	0.498182297568	0.505690859524	0.0	0.512460265604	0.594782786156	0.53052562438	0.482297428719	0.49448709563	0.449570899644	0.553608795421	0.410549617374	0.553450222478	0.49221958607	0.549060675817	0.658580750639	0.534988342468	0.557107594084	0.54014776959	0.446705375674	0.696863005302	0.568619187053	0.630976641268	0.601666774604	0.490579601315	0.48400932715	0.4689788987	0.543171799522	0.628741342298	0.475379406779	0.625516535112	0.646815942998	0.510260614841	0.652794611804	0.570730302139	0.610964346002	0.527097695726	0.58210331154	0.659034626819
700016626	0.583105020303	0.492358440921	0.451301613347	0.520514825083	0.48281028534	0.535596706996	0.529619826447	0.542857167173	0.525159562365	0.466521069056	0.54315313419	0.504349914844	0.566624579215	0.48705403715	0.657012806142	0.607225385284	0.573141199532	0.51539307706	0.521956492061	0.522745552581	0.520375848231	0.424135751642	0.4777087918	0.495672980498	0.512460265604	0.0	0.546937278585	0.509166466167	0.529871163287	0.482323449429	0.545038702044	0.546271541454	0.551209884068	0.595251413121	0.480610771896	0.483638038011	0.590546349821	0.561727066451	0.474727639475	0.497471429389	0.543022180387	0.645371821263	0.492716958376	0.550288571498	0.582481569074	0.480031934711	0.472239721051	0.525673206019	0.540791728661	0.609685756739	0.508090475949	0.545081496825	0.552918354195	0.542981864098	0.545381013221	0.580923912366	0.569561148703	0.568188367435	0.57563490012	0.637181992862
700016698	0.64424550975	0.518156017808	0.574187700304	0.641905579109	0.539341779329	0.591481488005	0.517623740961	0.595013753568	0.515785861445	0.526266994871	0.588458870103	0.459172125936	0.675491544453	0.560030807575	0.705787919704	0.490924210312	0.683779245264	0.633692165673	0.611756688215	0.635117216117	0.642116559413	0.55691620586	0.534541207653	0.591051077923	0.594782786156	0.546937278585	0.0	0.417822971422	0.619132445042	0.599200661715	0.651846375259	0.468231813587	0.627586824876	0.673131963947	0.562152157799	0.578747936255	0.490559321408	0.60244053416	0.54499623938	0.404041664321	0.662964027022	0.66211958426	0.431930506941	0.472190336995	0.479229015724	0.548855710455	0.607079257966	0.62425593696	0.610129507088	0.462941509313	0.621719917114	0.399430413034	0.508792014236	0.473141915942	0.434970058028	0.607155890894	0.515411663636	0.478307628953	0.535802117642	0.704175256148
700016782	0.557386976403	0.561760736622	0.55347445856	0.55077024634	0.480871183328	0.536783581398	0.390368722389	0.513987759667	0.400863028687	0.570140641187	0.573345565189	0.387129629244	0.572246025639	0.511906229947	0.658794567165	0.488068611193	0.557629081389	0.539802058923	0.602478144453	0.514903899376	0.494450567568	0.573427134251	0.483190145036	0.499277353774	0.53052562438	0.509166466167	0.417822971422	0.0	0.568152301637	0.500123876456	0.551034118756	0.432089956306	0.503655969153	0.624951195321	0.474095308996	0.554315356329	0.50727528449	0.490574998202	0.548596693559	0.36590571785	0.526067458661	0.712044997334	0.394850921846	0.447988541049	0.441002286994	0.532311708933	0.528960111884	0.584872312762	0.550611268106	0.444879107646	0.549809013547	0.410932752906	0.437550068374	0.410518590883	0.442521284612	0.629444552634	0.463327929107	0.45333282205	0.456021615236	0.707513334332
700016908	0.527107920699	0.548112666513	0.545308841316	0.520845228644	0.554779115485	0.488793126942	0.604644486696	0.534345533003	0.638854950381	0.489569052649	0.542370108293	0.549495506729	0.491517840498	0.535664140724	0.535704261706	0.595366230563	0.505716690778	0.482839587695	0.509416153661	0.546819804386	0.545145889071	0.533799707431	0.494842319914	0.475868737076	0.482297428719	0.529871163287	0.619132445042	0.568152301637	0.0	0.520711340623	0.552903210527	0.589826203719	0.534223547485	0.533081950544	0.515305670408	0.543345391796	0.692983997347	0.505232597221	0.536786632623	0.584187309692	0.533909757552	0.59486963672	0.569805253561	0.642800391057	0.615307660569	0.491123862307	0.510947698209	0.5112647067	0.590652251757	0.646047166528	0.488752479776	0.616227969724	0.655629506754	0.569460386762	0.600820766984	0.628476155477	0.659843615008	0.534737594811	0.655406453362	0.643628079338
700016978	0.461513060143	0.517451341486	0.430309593712	0.543520798642	0.453925967795	0.476264580901	0.547926235209	0.410417511384	0.585296937752	0.442056582126	0.447350899847	0.499203533481	0.516417679906	0.500710167158	0.543393993871	0.612693129172	0.452297414636	0.42158583202	0.520156424628	0.506569658284	0.448005650385	0.519777038921	0.457624326143	0.412157730666	0.49448709563	0.482323449429	0.599200661715	0.500123876456	0.520711340623	0.0	0.537607859676	0.588251894086	0.502992467868	0.529535687669	0.511598697042	0.4833419225	0.607965827524	0.495256972354	0.515895165125	0.505376037566	0.471459454434	0.635359490907	0.503476549046	0.598459327724	0.585809935453	0.530937901633	0.48618410531	0.50420448299	0.506241910999	0.553848274655	0.456218554968	0.567395107781	0.583230597654	0.524915705899	0.579088849536	0.5421230629	0.591632164803	0.559474859525	0.585426663027	0.662650202929
700106399	0.483762024355	0.635511552821	0.60594346115	0.49942129829	0.56962162505	0.611042675302	0.51135430226	0.562920941407	0.47241705075	0.617987590266	0.589143639148	0.594873044916	0.500264471106	0.557030803318	0.600811092234	0.636678198818	0.431914894284	0.508863932595	0.600712530997	0.421567269956	0.406931605059	0.602655023527	0.590081268985	0.530411367415	0.449570899644	0.545038702044	0.651846375259	0.551034118756	0.552903210527	0.537607859676	0.0	0.613461755913	0.437667707553	0.582830350416	0.538386511361	0.614889427487	0.675636289552	0.54905017393	0.522997608414	0.581073705776	0.45064034274	0.713486849107	0.598762538068	0.657667155077	0.621124340497	0.495925454314	0.565594312609	0.474197140635	0.57855148416	0.685549932155	0.446250768267	0.649093774586	0.623616500843	0.598841626168	0.664574362303	0.639452896682	0.650922665591	0.597936450855	0.617484388452	0.705119367994
700106496	0.631125446114	0.553504049652	0.603906225454	0.590589918725	0.552414245915	0.613822604908	0.43422997067	0.627169127399	0.452992937244	0.594600070797	0.615460776746	0.440612291551	0.623867024823	0.595309332531	0.682264722928	0.466981656813	0.597173459797	0.617565140993	0.599491417673	0.548527348737	0.604566510965	0.584775447592	0.556502237913	0.60156758728	0.553608795421	0.546271541454	0.468231813587	0.432089956306	0.589826203719	0.588251894086	0.613461755913	0.0	0.610236025222	0.637001002861	0.57987809912	0.561256156482	0.466799650726	0.56686152439	0.588101423101	0.409724740979	0.583666807566	0.716322003983	0.437092225682	0.46572643795	0.450677428511	0.577279871364	0.537045406199	0.608688403573	0.623177608828	0.468131975347	0.591561880288	0.458599245037	0.512964427806	0.467284485175	0.440890746447	0.631685926263	0.504135691726	0.462219710596	0.512030397857	0.705995845503
700106554	0.529627590266	0.62849973835	0.577862599791	0.480998379297	0.593056345307	0.583342565388	0.530118112376	0.565079610121	0.540749449319	0.592338185139	0.558606215648	0.596642749634	0.528673240648	0.498443727745	0.558179626798	0.643787816414	0.481038890033	0.467358409603	0.571259221166	0.437656944077	0.42180322706	0.599778199697	0.51709121046	0.514458415281	0.410549617374	0.551209884068	0.627586824876	0.503655969153	0.534223547485	0.502992467868	0.437667707553	0.610236025222	0.0	0.489535288982	0.519324997858	0.624708827896	0.665887614321	0.531552609982	0.606052229665	0.577289874445	0.440423090954	0.694321146133	0.567726395143	0.644824242581	0.596854069038	0.502229049152	0.503184955245	0.464929085245	0.551426781459	0.679247957288	0.432724246539	0.627561374811	0.649501659105	0.589376754779	0.645704273904	0.610664334134	0.597082077303	0.583503502413	0.557689470733	0.674753181005
700106933	0.469847398236	0.634271943281	0.519909696442	0.560988385413	0.577085927053	0.548892094315	0.651949070447	0.570936468298	0.656154792655	0.564624151543	0.53302102995	0.605057260484	0.582154828053	0.538982776539	0.498499905776	0.599740319192	0.508145172583	0.454244579936	0.545981091074	0.489357943843	0.538306279023	0.497417814777	0.53184774647	0.529341477058	0.553450222478	0.595251413121	0.673131963947	0.624951195321	0.533081950544	0.529535687669	0.582830350416	0.637001002861	0.489535288982	0.0	0.543846126484	0.592633397759	0.643696239907	0.522760354905	0.575500869111	0.633861998174	0.556169494798	0.664039353016	0.603815316988	0.643660234317	0.626375340328	0.567292124221	0.523254904326	0.515258006215	0.601682118922	0.667789105552	0.551914808499	0.639284832453	0.685330056599	0.629101015236	0.65913955055	0.573790555497	0.654814345041	0.58545810014	0.647563200928	0.61164984964
700106987	0.501895299226	0.48913652602	0.471829569047	0.490541035558	0.442416709439	0.506561849801	0.582473856471	0.491048725805	0.562502368118	0.504866004752	0.52154009646	0.532068761402	0.547290909996	0.443656425696	0.600663403693	0.586550758103	0.511289231424	0.479520085804	0.478842009422	0.506433457147	0.485181862658	0.494607886987	0.429861670007	0.445196489574	0.49221958607	0.480610771896	0.562152157799	0.474095308996	0.515305670408	0.511598697042	0.538386511361	0.57987809912	0.519324997858	0.543846126484	0.0	0.546936723894	0.625363194405	0.463774455899	0.509668046908	0.497917344784	0.521900956066	0.636206710385	0.536959074992	0.579756512488	0.594879475729	0.491112711859	0.493613550239	0.530744833674	0.489782122366	0.578926537182	0.512689206329	0.526438481034	0.54631270663	0.57560155741	0.578135067471	0.553883378789	0.57236799225	0.569766693349	0.590955636346	0.633052605647
700107046	0.56241338828	0.492478693008	0.490934968903	0.59383153576	0.470331585651	0.566848025687	0.576002495377	0.537532160228	0.615636884232	0.506997780042	0.49104807649	0.588979835199	0.589400000174	0.560287002581	0.603582890308	0.552948612064	0.592175006799	0.55544685108	0.587735932654	0.59068827074	0.575239316017	0.508657639887	0.520311064197	0.526348974105	0.549060675817	0.483638038011	0.578747936255	0.554315356329	0.543345391796	0.4833419225	0.614889427487	0.561256156482	0.624708827896	0.592633397759	0.546936723894	0.0	0.658052781319	0.546462592555	0.532500575482	0.473336109878	0.598755722597	0.672822151649	0.541519889239	0.524553236017	0.601498800446	0.548635798725	0.51988734252	0.581968294571	0.562013365676	0.597597074289	0.563763732059	0.493704025844	0.638578590032	0.559490494454	0.496987309569	0.576861186767	0.543625615926	0.549197643894	0.649192020586	0.619256056612
700107195	0.666326356644	0.644938272757	0.61932598786	0.626987289096	0.613063227008	0.60683364534	0.463324262747	0.640325782659	0.53211524347	0.627654713568	0.632715411098	0.441864732977	0.676370382241	0.571456526124	0.725799547108	0.491096995422	0.648071945939	0.583037507417	0.620207633073	0.598351519822	0.628874285525	0.555975653824	0.606428422603	0.638755300681	0.658580750639	0.590546349821	0.490559321408	0.50727528449	0.692983997347	0.607965827524	0.675636289552	0.466799650726	0.665887614321	0.643696239907	0.625363194405	0.658052781319	0.0	0.624559316445	0.645685818041	0.513679032298	0.640303044412	0.66287715148	0.478777539367	0.511094174831	0.421038233938	0.638912756095	0.630135482113	0.648296447918	0.566307321404	0.413520785716	0.667497276558	0.542354197908	0.444844882548	0.474295885496	0.520677431115	0.618663377824	0.452167631071	0.499406143661	0.43827488009	0.668579040664
700107381	0.509453300743	0.485645621254	0.449387838062	0.525676109177	0.470341842921	0.466293874522	0.590808115464	0.475654994746	0.580252773798	0.509277638453	0.483711691503	0.529239650945	0.508433903634	0.486962298573	0.559774391611	0.572182410938	0.502892475097	0.497525828071	0.472327837514	0.459380213139	0.49330559379	0.484809788847	0.44828471231	0.477409925862	0.534988342468	0.561727066451	0.60244053416	0.490574998202	0.505232597221	0.495256972354	0.54905017393	0.56686152439	0.531552609982	0.522760354905	0.463774455899	0.546462592555	0.624559316445	0.0	0.485300781912	0.567574373799	0.529974014725	0.647430646253	0.504358463311	0.528873798898	0.586047691022	0.468164114452	0.458862189567	0.511047026015	0.589216151179	0.60121062097	0.529174977568	0.516259857262	0.587896076205	0.544833662791	0.576849805412	0.535232098463	0.613022140228	0.555158681864	0.640517217252	0.662731543136
700107495	0.48842086277	0.464871645434	0.461282522384	0.535581975638	0.504042603868	0.504276521516	0.572703548254	0.475407741216	0.569471003048	0.488177824542	0.518552954285	0.56149908668	0.548420620036	0.533148638111	0.625372543588	0.614055309597	0.535347207742	0.536415294398	0.53997005539	0.537632409625	0.545754057524	0.468083657755	0.461221568677	0.495615627891	0.557107594084	0.474727639475	0.54499623938	0.548596693559	0.536786632623	0.515895165125	0.522997608414	0.588101423101	0.606052229665	0.575500869111	0.509668046908	0.532500575482	0.645685818041	0.485300781912	0.0	0.551129533086	0.539498667918	0.610072639917	0.523542293677	0.574368264469	0.589695647658	0.473825366868	0.468978137914	0.51362949865	0.563901184016	0.618289489061	0.581629999653	0.540531076776	0.608678779317	0.565000961179	0.590607271916	0.563419645285	0.626085647921	0.582298717756	0.662212749576	0.658945106858
700107552	0.601429401434	0.533068330235	0.522478896848	0.586120150418	0.472937243735	0.552131953074	0.411395218571	0.521407586935	0.417320941753	0.518923916246	0.531647402608	0.359228961273	0.607039451831	0.529775699681	0.663865939092	0.43581993366	0.597983228224	0.551018588309	0.584977637981	0.53240366017	0.521704652977	0.552838959472	0.497119502364	0.526255289274	0.54014776959	0.497471429389	0.404041664321	0.36590571785	0.584187309692	0.505376037566	0.581073705776	0.409724740979	0.577289874445	0.633861998174	0.497917344784	0.473336109878	0.513679032298	0.567574373799	0.551129533086	0.0	0.545367619649	0.727170447378	0.364249275232	0.440203706059	0.443710125854	0.547234482726	0.513528549382	0.590220838144	0.591877470775	0.463271452361	0.522073735383	0.367376631475	0.478523303509	0.413065270031	0.416393969412	0.577509355786	0.486987328379	0.436615850496	0.491240545839	0.714430240784
700107765	0.507554484969	0.594181619304	0.567491742028	0.404614464212	0.546199919984	0.522746520611	0.461159432854	0.463117402894	0.541791937945	0.576355835465	0.559608767773	0.507270082189	0.500994227737	0.51751973031	0.564395088111	0.627921439815	0.446480257335	0.475337068258	0.566975280475	0.416468565532	0.419956820915	0.570605320424	0.521109237306	0.490441436736	0.446705375674	0.543022180387	0.662964027022	0.526067458661	0.533909757552	0.471459454434	0.45064034274	0.583666807566	0.440423090954	0.556169494798	0.521900956066	0.598755722597	0.640303044412	0.529974014725	0.539498667918	0.545367619649	0.0	0.662510638298	0.578861217362	0.634899958598	0.601869171333	0.53310118412	0.455367905039	0.484886203278	0.554617128855	0.6326026319	0.414558254027	0.611951490777	0.615240488194	0.489179638818	0.639215401192	0.600062155607	0.615611334101	0.55926653422	0.590536699685	0.69239396529
700107822	0.635155635392	0.602377876026	0.60433818065	0.632014359148	0.621530306299	0.547661211726	0.726820134316	0.591066995761	0.753345203752	0.581513391655	0.637050570896	0.673443730385	0.61941526329	0.673591821521	0.596254820045	0.712763516463	0.657789366711	0.61424357938	0.645019310248	0.724005247898	0.692235589178	0.628093007937	0.593450480431	0.637887258992	0.696863005302	0.645371821263	0.66211958426	0.712044997334	0.59486963672	0.635359490907	0.713486849107	0.716322003983	0.694321146133	0.664039353016	0.636206710385	0.672822151649	0.66287715148	0.647430646253	0.610072639917	0.727170447378	0.662510638298	0.0	0.683803877384	0.704282615973	0.685034037896	0.628843485809	0.683460163678	0.706672003977	0.530057528659	0.654649896342	0.681751667722	0.703189867101	0.635575635302	0.679610060163	0.651100424811	0.614137785559	0.668850365334	0.723260535502	0.688419320093	0.557944405364
700107879	0.573860297699	0.501716118192	0.487469398136	0.588855320491	0.477487584775	0.534148228286	0.455931633487	0.540244670633	0.417717006763	0.504177363163	0.538456025905	0.385476481	0.639464703891	0.552088977276	0.67236428806	0.452264684378	0.584968954971	0.546303785373	0.59088643292	0.537182498732	0.562153696926	0.524096122284	0.498958823008	0.525071048985	0.568619187053	0.492716958376	0.431930506941	0.394850921846	0.569805253561	0.503476549046	0.598762538068	0.437092225682	0.567726395143	0.603815316988	0.536959074992	0.541519889239	0.478777539367	0.504358463311	0.523542293677	0.364249275232	0.578861217362	0.683803877384	0.0	0.378803433553	0.472691874271	0.498617083576	0.499838412054	0.602858107823	0.577491749261	0.447040010192	0.595443567963	0.442613263076	0.459289809656	0.41596941053	0.364088670213	0.603158409229	0.489879930005	0.444028716927	0.493566519194	0.707250621766
700107936	0.64111830565	0.502641961961	0.567965475652	0.62475184046	0.49444204622	0.567292132582	0.505267070441	0.599235124691	0.486100151753	0.549117677602	0.591736424833	0.491736167252	0.620234148173	0.572141705654	0.690543737267	0.455517482669	0.658328054839	0.610194792169	0.61041417561	0.593364001597	0.610125791096	0.58222681193	0.592674247392	0.583250328005	0.630976641268	0.550288571498	0.472190336995	0.447988541049	0.642800391057	0.598459327724	0.657667155077	0.46572643795	0.644824242581	0.643660234317	0.579756512488	0.524553236017	0.511094174831	0.528873798898	0.574368264469	0.440203706059	0.634899958598	0.704282615973	0.378803433553	0.0	0.532167133723	0.570821385314	0.569036082963	0.601992726427	0.632369628321	0.506913294593	0.643332935478	0.417447422195	0.487022834339	0.469015104688	0.420958455736	0.662834219064	0.490987635727	0.514138379195	0.571441145263	0.716636377287
