	700014409	700014515	700014609	700014731	700014785	700014911	700014971	700015070	700015131	700015197	700015263	700015428	700015442	700015639	700015720	700015863	700015940	700015997	700016038	700016125	700016301	700016346	700016379	700016462	700016548	700016626	700016698	700016782	700016908	700016978	700106399	700106496	700106554	700106933	700106987	700107046	700107195	700107381	700107495	700107552	700107765	700107822	700107879	700107936	700107999	700108101	700108167	700108224	700108290	700108479	700108536	700108602	700108788	700108845	700108902	700108960	700109113	700109179	700109236	700109323
700014409	0.0	0.524779113157	0.493877679586	0.470279528384	0.542375108409	0.551516142621	0.494097742723	0.483514991053	0.496462483504	0.474814649134	0.535202679029	0.526113561026	0.502719030005	0.505199575497	0.521275516981	0.636125579255	0.440503529168	0.436190074132	0.475071082296	0.446975042292	0.459929614228	0.459495558612	0.543172839847	0.449347827974	0.504597147875	0.543057363198	0.614571208868	0.554703683314	0.487747832156	0.435628110226	0.48659998394	0.615319332188	0.521283054728	0.420986928726	0.464528829073	0.60939615958	0.617983986316	0.484501708951	0.524563667932	0.577033939076	0.479343371978	0.649762052511	0.57367762019	0.611919574097	0.601908388008	0.54023650085	0.507008885481	0.441187842549	0.552876885473	0.59290262306	0.443659614171	0.614555935783	0.599785453473	0.489124368996	0.617599511158	0.536978600609	0.577448188714	0.505198931824	0.552312921697	0.607371585599
700014515	0.524779113157	0.0	0.408845450005	0.607583204417	0.451377805785	0.522457048366	0.581508217185	0.550754566303	0.551116547565	0.381599016024	0.516791801397	0.550938795402	0.560650008188	0.55497305446	0.616922379977	0.536651611536	0.649620098647	0.520632425677	0.583384768283	0.574837315303	0.627890031811	0.502112194942	0.491252309577	0.549890134439	0.574294144377	0.483199634494	0.484542267461	0.593164063651	0.532639817006	0.543675876662	0.627729189144	0.570505403634	0.639441363636	0.564841146307	0.500110514197	0.566625329297	0.623443361187	0.522353831685	0.545740604238	0.549711911341	0.642264711482	0.621885202229	0.492886518097	0.559197196178	0.599669512651	0.466225461942	0.533017193008	0.627705600424	0.564929120245	0.57324790727	0.569668107532	0.581899761561	0.594514931609	0.52912587577	0.557140314778	0.544796479627	0.604379775019	0.510799216921	0.578087724887	0.599441145064
700014609	0.493877679586	0.408845450005	0.0	0.575440728225	0.462012755026	0.50080183067	0.576874430875	0.523578775417	0.556150362882	0.392562577504	0.492521731558	0.52209203873	0.546858076261	0.540566506776	0.579931319371	0.539383847668	0.577982222153	0.518933007925	0.523929198488	0.531358644956	0.569439992979	0.456210748797	0.491885971663	0.525149657047	0.573566206394	0.513066578195	0.570706520306	0.597932951142	0.492025562547	0.525457071504	0.619473569187	0.594028688875	0.633141408956	0.468684018766	0.549724281262	0.529451779928	0.622297419015	0.47103829057	0.518201028302	0.564164479133	0.608124054889	0.57932825553	0.520218146555	0.550587392258	0.622538065708	0.448555304606	0.489390121069	0.540645999325	0.551733834913	0.576996417554	0.551028804634	0.557571802303	0.590116404247	0.556771384654	0.533791269342	0.468940063161	0.590206875444	0.509690619198	0.579935903612	0.621871256354
700014731	0.470279528384	0.607583204417	0.575440728225	0.0	0.590452814196	0.616840922068	0.440478776986	0.540496073853	0.489652519204	0.541676876667	0.585943823427	0.557381579645	0.505070241959	0.524726060079	0.536584718923	0.654766205908	0.470227256064	0.459724578176	0.452456820692	0.463545608819	0.375199436661	0.527705123339	0.549059848777	0.475180951298	0.509027573834	0.587096916456	0.641774121107	0.604082906272	0.57577208243	0.479930402694	0.501579844307	0.650906216812	0.490174486299	0.455145047257	0.531450428204	0.600310840532	0.646800150146	0.525124106073	0.576106293012	0.628817437371	0.434363413331	0.70503420306	0.593795678746	0.635031764933	0.613077054902	0.53933127698	0.472497310707	0.485511030958	0.591251181754	0.657497444346	0.469720552465	0.597212684887	0.623019141654	0.523803162965	0.627667578659	0.576308061163	0.607854072908	0.509065766032	0.535257811581	0.623550503103
700014785	0.542375108409	0.451377805785	0.462012755026	0.590452814196	0.0	0.507370252491	0.51982620172	0.473618536351	0.447341257601	0.442454825747	0.477103220624	0.485926197547	0.562286425989	0.559601060687	0.62225503292	0.528852768661	0.603934592691	0.508084449081	0.529057471079	0.518141557604	0.555291167078	0.453328938084	0.440552484674	0.539620941196	0.566987563081	0.483519496389	0.51914997276	0.494124721651	0.522541922846	0.463800026884	0.586943188044	0.530789248497	0.591960271587	0.536860869548	0.416855796705	0.489535264024	0.592048007569	0.476063618962	0.541100975708	0.491432439091	0.58552281229	0.651297935959	0.456145214112	0.577317617703	0.581668978165	0.416882304319	0.509882465121	0.587464305763	0.436095528753	0.532793486141	0.492532122345	0.480002227377	0.54608248119	0.494703112489	0.498683687413	0.518766831756	0.559530481627	0.436472076375	0.524687595524	0.618120820325
700014911	0.551516142621	0.522457048366	0.50080183067	0.616840922068	0.507370252491	0.0	0.582470662494	0.524398863631	0.586410381128	0.493461251755	0.538650959967	0.37509762808	0.544528791397	0.437564334413	0.601347558093	0.443235795102	0.580488744402	0.506171525194	0.586635904684	0.576062073064	0.574892809213	0.516177034025	0.496374574741	0.559288002027	0.608510941402	0.581661880091	0.441435802946	0.41905353503	0.563200652735	0.529713519828	0.662826919818	0.462389329093	0.64487788424	0.549020751169	0.537927344292	0.475543604996	0.426847063946	0.508117594446	0.411218685571	0.46703713472	0.609836108036	0.671035038528	0.38326000431	0.466725093471	0.445981158659	0.527500731523	0.544739579736	0.593752763404	0.581484916327	0.414910184404	0.563959977424	0.46059960984	0.407811575267	0.531595486181	0.447978217474	0.564381341631	0.494879019453	0.546676367257	0.59495709787	0.620353872594
700014971	0.494097742723	0.581508217185	0.576874430875	0.440478776986	0.51982620172	0.582470662494	0.0	0.510464112264	0.381002136189	0.543169138435	0.570989840335	0.5245954493	0.517188360886	0.470191692689	0.605901582611	0.643725587992	0.489750401604	0.472972135794	0.514285145412	0.454029857516	0.411638339318	0.484771441344	0.532386655356	0.464237501096	0.466173979668	0.47664909373	0.55597806392	0.51690160157	0.531772148866	0.44660649676	0.424744901362	0.572475841217	0.411180998032	0.50153511234	0.542289514486	0.611801358914	0.601554402621	0.565130956849	0.566427920182	0.525201698892	0.448298358914	0.733624310649	0.544735987174	0.633966335726	0.55463429895	0.447794973086	0.487042936261	0.443024982209	0.535855131492	0.628449285892	0.419597810463	0.600881018551	0.584590069669	0.491471938592	0.594044856317	0.619049478752	0.602464089812	0.46844318721	0.517885690059	0.654112064494
700015070	0.483514991053	0.550754566303	0.523578775417	0.540496073853	0.473618536351	0.524398863631	0.510464112264	0.0	0.532989686299	0.53426750275	0.484025805665	0.508627967867	0.519623524197	0.55961855428	0.502030592103	0.588275415951	0.50134724289	0.535015624828	0.526562626489	0.539619177005	0.521477175229	0.510405125356	0.508682666448	0.478547528537	0.531054110253	0.546924440282	0.58775831629	0.529713984594	0.476488640222	0.429702720439	0.556428068144	0.639761287055	0.521104295286	0.46729058609	0.473718731022	0.585950590389	0.620083827185	0.495402605284	0.520390135237	0.549857325865	0.50267948346	0.654635932028	0.520125658348	0.573457796679	0.620000254463	0.52607330719	0.517827995612	0.481279143592	0.474127981737	0.624780356666	0.443019508151	0.588935482844	0.590475163024	0.499246622215	0.596819562932	0.524498319305	0.559699927658	0.496391501078	0.52532989805	0.653043495863
700015131	0.496462483504	0.551116547565	0.556150362882	0.489652519204	0.447341257601	0.586410381128	0.381002136189	0.532989686299	0.0	0.550245325525	0.569861347436	0.515424813634	0.519471791942	0.513064175494	0.645296622392	0.647197236337	0.505268386336	0.462158058956	0.522798646854	0.422549435601	0.45001524681	0.516830157089	0.524414660425	0.444070363155	0.523783656368	0.478629444102	0.542630328496	0.492630167867	0.55291509843	0.464972790998	0.446704820217	0.500309797054	0.489955100989	0.540215355607	0.514559601389	0.59610903715	0.605576696668	0.503278708739	0.518566178714	0.524441111762	0.462500904973	0.736961753745	0.494333555653	0.623548458886	0.596278490539	0.422727969737	0.457640436816	0.493131773638	0.56772827381	0.625419079244	0.478014814577	0.575297531571	0.550666785772	0.537819906973	0.615403396445	0.595808716977	0.621220468613	0.486037923443	0.533818671942	0.698803023289
700015197	0.474814649134	0.381599016024	0.392562577504	0.541676876667	0.442454825747	0.493461251755	0.543169138435	0.53426750275	0.550245325525	0.0	0.458561502728	0.484207988764	0.56293906389	0.544355389981	0.585151775147	0.581037380001	0.558111273851	0.458979333274	0.511597903869	0.518876504865	0.524628031453	0.396314441718	0.46682483914	0.519018648781	0.554565896756	0.494081934897	0.517931787725	0.578315506218	0.514781718583	0.488415058934	0.610815475498	0.582118479011	0.57594893453	0.495389850211	0.465596919969	0.568891215599	0.614134906925	0.476909013507	0.549407819616	0.526774740016	0.574497851532	0.621599751129	0.507141132616	0.571391653248	0.609106411082	0.455984644427	0.460711892523	0.573980733884	0.516028391019	0.560622196979	0.484129036082	0.514960418281	0.53763607322	0.45985368246	0.527459691861	0.497157453726	0.562966999052	0.524760617757	0.572190011607	0.594273990488
700015263	0.535202679029	0.516791801397	0.492521731558	0.585943823427	0.477103220624	0.538650959967	0.570989840335	0.484025805665	0.569861347436	0.458561502728	0.0	0.575872291406	0.536364478119	0.563533399729	0.537696406759	0.632084814503	0.511014008269	0.510409350787	0.517384669652	0.546093637789	0.575153755004	0.422928439727	0.513470338508	0.457771005797	0.599959525705	0.570287716504	0.594752154859	0.603742398916	0.551518459984	0.4829058213	0.66241198192	0.620828386592	0.617386311001	0.528429178484	0.511698478932	0.558939484953	0.603219748309	0.49362429836	0.565213065845	0.53178898887	0.563735954217	0.586457875745	0.565456275881	0.653816909997	0.639284249371	0.532197131451	0.555997095288	0.555192718445	0.545518201649	0.608216618627	0.538576292294	0.556146493263	0.59290254899	0.531220194319	0.596215994642	0.49273866224	0.583545247202	0.555308914963	0.54391151114	0.605639556759
700015428	0.526113561026	0.550938795402	0.52209203873	0.557381579645	0.485926197547	0.37509762808	0.5245954493	0.508627967867	0.515424813634	0.484207988764	0.575872291406	0.0	0.53727736203	0.402269192077	0.608052757051	0.466151655463	0.562855589809	0.51457158213	0.560192239784	0.535473047862	0.519357763255	0.528272784826	0.463956785756	0.522302050355	0.558443166037	0.549953967209	0.446586569315	0.386691361085	0.51574568818	0.484524633939	0.603389789378	0.458334526302	0.584560237213	0.532240281315	0.493586839952	0.467267117111	0.431217828663	0.559614136975	0.378419870816	0.405481061946	0.555990575167	0.712702070985	0.381911687355	0.490469297176	0.441550934688	0.503999995716	0.543764194351	0.563743765824	0.598184247582	0.499156446747	0.522258222704	0.454052524429	0.420974412451	0.518440901371	0.436828348332	0.588816169032	0.469017952353	0.494642196196	0.537563658674	0.696344549135
700015442	0.502719030005	0.560650008188	0.546858076261	0.505070241959	0.562286425989	0.544528791397	0.517188360886	0.519623524197	0.519471791942	0.56293906389	0.536364478119	0.53727736203	0.0	0.569951821729	0.494808112344	0.631189323848	0.482460635079	0.512916043519	0.559323877818	0.511742882859	0.449867301862	0.539357531073	0.512042966541	0.509342018576	0.510722811177	0.581177605079	0.610559342748	0.553033157699	0.49836604371	0.511835111599	0.528105670319	0.631101091592	0.515560951395	0.548401643723	0.477249741624	0.663487877468	0.614018458499	0.544062669471	0.545398684647	0.617207544913	0.501998155642	0.672210745084	0.564200978643	0.624629698184	0.596318699394	0.526287099597	0.527980996603	0.476876134224	0.594898876404	0.635991596502	0.502439386647	0.669505292612	0.594133619507	0.51943524568	0.63381493039	0.576260943002	0.615419927251	0.546476864304	0.504378984037	0.682312851674
700015639	0.505199575497	0.55497305446	0.540566506776	0.524726060079	0.559601060687	0.437564334413	0.470191692689	0.55961855428	0.513064175494	0.544355389981	0.563533399729	0.402269192077	0.569951821729	0.0	0.614504517664	0.501023510925	0.599328626371	0.522324336808	0.546313761918	0.464114527951	0.506435520746	0.514381097049	0.546733487866	0.50450598045	0.570941847979	0.552418325692	0.430603969478	0.429804637444	0.548793913676	0.522219667496	0.564113410938	0.464795174751	0.572370047639	0.528024100737	0.545328552897	0.458859276997	0.499490181725	0.540681922355	0.423793872334	0.385836173664	0.579272969243	0.731611807712	0.393308421221	0.452264912153	0.468137167024	0.506840439346	0.541911828977	0.533049937293	0.632479701949	0.517658267328	0.530358866495	0.436609952802	0.509432143112	0.550065875455	0.449683166354	0.649287424377	0.506357377454	0.568794935095	0.617722505733	0.691263239035
700015720	0.521275516981	0.616922379977	0.579931319371	0.536584718923	0.62225503292	0.601347558093	0.605901582611	0.502030592103	0.645296622392	0.585151775147	0.537696406759	0.608052757051	0.494808112344	0.614504517664	0.0	0.66336449767	0.505364619446	0.552317450839	0.531510171869	0.611425884636	0.542507294751	0.571785470344	0.563818309839	0.551470895255	0.598384178933	0.685566631531	0.675488080974	0.646675471057	0.540516443778	0.559476311544	0.620258706931	0.710355165357	0.594146183452	0.532953021687	0.554489083075	0.667255976602	0.675473796358	0.541099430963	0.651338429576	0.665189228025	0.528844624451	0.636966363001	0.637800796021	0.703719329526	0.684115030848	0.629426233489	0.55036131652	0.542772961629	0.628387493745	0.681878543702	0.546967877903	0.665643668187	0.689404824566	0.594290791235	0.625242606981	0.558763088983	0.648845450206	0.61467894512	0.579045987248	0.623430640316
700015863	0.636125579255	0.536651611536	0.539383847668	0.654766205908	0.528852768661	0.443235795102	0.643725587992	0.588275415951	0.647197236337	0.581037380001	0.632084814503	0.466151655463	0.631189323848	0.501023510925	0.66336449767	0.0	0.668259372588	0.618793793381	0.645280735399	0.667578049534	0.663124012985	0.573970043728	0.523732243063	0.624326964947	0.605478372864	0.573356658085	0.454221831954	0.47933992371	0.560482059075	0.572091428548	0.672340735177	0.478311238054	0.639408272346	0.579823098849	0.588215568546	0.453638884806	0.493257458255	0.614847777033	0.538763312164	0.451478962499	0.679569401086	0.743927041628	0.431308387288	0.389588093935	0.496439831848	0.590030336772	0.605256926922	0.61896040588	0.608583848942	0.517161939491	0.642790453972	0.470222218737	0.491022101347	0.616099862795	0.426055327337	0.579159080481	0.450371983101	0.518216773078	0.644161856552	0.638185467931
700015940	0.440503529168	0.649620098647	0.577982222153	0.470227256064	0.603934592691	0.580488744402	0.489750401604	0.50134724289	0.505268386336	0.558111273851	0.511014008269	0.562855589809	0.482460635079	0.599328626371	0.505364619446	0.668259372588	0.0	0.443049992276	0.469937438563	0.446874574212	0.428605247115	0.464974166606	0.5525011452	0.424990134492	0.49501492762	0.559255498047	0.634264581272	0.554860326155	0.514489968366	0.452267631977	0.453785894209	0.638333813343	0.429124209364	0.437874686198	0.528631831449	0.60514223721	0.620769307885	0.510256836052	0.557596120658	0.591815494053	0.410577993809	0.669977681223	0.635067440293	0.68547317936	0.589869771889	0.5898771935	0.556029896898	0.420848886534	0.604607435149	0.622452314041	0.502620472888	0.655249563437	0.604146041631	0.524078820072	0.649970385393	0.516756755115	0.592322723965	0.571090081721	0.532699662159	0.635093407494
700015997	0.436190074132	0.520632425677	0.518933007925	0.459724578176	0.508084449081	0.506171525194	0.472972135794	0.535015624828	0.462158058956	0.458979333274	0.510409350787	0.51457158213	0.512916043519	0.522324336808	0.552317450839	0.618793793381	0.443049992276	0.0	0.496202924684	0.477393042917	0.469755497449	0.409211773183	0.503526631152	0.438682569498	0.501455338024	0.507703553979	0.585247988595	0.583366240041	0.493567225293	0.483977816989	0.540584882154	0.561418958996	0.52314197901	0.425745560592	0.486263987114	0.600457376421	0.517492150587	0.502589290196	0.567122633512	0.596288017225	0.509383696725	0.658007088916	0.578890620402	0.646685733354	0.584257918247	0.494811651371	0.522711863816	0.491271774111	0.518859745807	0.574233811071	0.49562846082	0.595723888264	0.545681349027	0.486475140642	0.63407195267	0.466036372896	0.544117626949	0.512844396988	0.514317480131	0.583769927781
700016038	0.475071082296	0.583384768283	0.523929198488	0.452456820692	0.529057471079	0.586635904684	0.514285145412	0.526562626489	0.522798646854	0.511597903869	0.517384669652	0.560192239784	0.559323877818	0.546313761918	0.531510171869	0.645280735399	0.469937438563	0.496202924684	0.0	0.493647666672	0.50002006248	0.4592007922	0.463986422451	0.462954109662	0.530259375485	0.547196545386	0.600862114575	0.556599306065	0.52826941963	0.412240178638	0.538653456078	0.567839650722	0.514957418404	0.46672097892	0.51428826647	0.576307414508	0.634383588429	0.43864020812	0.598337088728	0.589621989492	0.48455937409	0.682105883699	0.579442205271	0.656462237228	0.60776374277	0.533373036726	0.474018021746	0.47394680241	0.620660593994	0.65416644121	0.493218587827	0.606786857695	0.649636736768	0.528223488158	0.582939302889	0.590591240887	0.650031544453	0.53160788414	0.598798034716	0.659623277913
700016125	0.446975042292	0.574837315303	0.531358644956	0.463545608819	0.518141557604	0.576062073064	0.454029857516	0.539619177005	0.422549435601	0.518876504865	0.546093637789	0.535473047862	0.511742882859	0.464114527951	0.611425884636	0.667578049534	0.446874574212	0.477393042917	0.493647666672	0.0	0.424738325688	0.47299015512	0.530479788907	0.417328601069	0.53071997512	0.484285602743	0.611198185485	0.57182312058	0.550477837799	0.476542799673	0.457535285095	0.558406331839	0.474443483344	0.491672722744	0.510584454531	0.616055860751	0.603422167996	0.514566912268	0.51306675432	0.58507397382	0.487211170925	0.689015840096	0.549136406957	0.614625359771	0.590987113051	0.431013130287	0.506835568191	0.429943164517	0.583499380861	0.619015852377	0.463132886742	0.566999775739	0.565937554076	0.507828074753	0.62521387144	0.571844219937	0.602380654171	0.552138470116	0.50318352775	0.668129994637
700016301	0.459929614228	0.627890031811	0.569439992979	0.375199436661	0.555291167078	0.574892809213	0.411638339318	0.521477175229	0.45001524681	0.524628031453	0.575153755004	0.519357763255	0.449867301862	0.506435520746	0.542507294751	0.663124012985	0.428605247115	0.469755497449	0.50002006248	0.424738325688	0.0	0.496634544303	0.511624682254	0.47749193	0.478813573881	0.568667862504	0.622890488527	0.532604800711	0.546780466107	0.453609900496	0.458963467139	0.620271763383	0.443079440037	0.475216447592	0.508771701756	0.600761009314	0.626043570827	0.517773111784	0.54539407799	0.591871194709	0.36829495121	0.720614291333	0.579002313445	0.607115615945	0.552223559644	0.503153424362	0.508016886515	0.453251011753	0.569731366721	0.605436394311	0.442558104783	0.591719214179	0.578331253441	0.473858838485	0.610096859955	0.567237323227	0.599095910609	0.536348423667	0.474335165377	0.663137967398
700016346	0.459495558612	0.502112194942	0.456210748797	0.527705123339	0.453328938084	0.516177034025	0.484771441344	0.510405125356	0.516830157089	0.396314441718	0.422928439727	0.528272784826	0.539357531073	0.514381097049	0.571785470344	0.573970043728	0.464974166606	0.409211773183	0.4592007922	0.47299015512	0.496634544303	0.0	0.450456438293	0.383919800493	0.516365829661	0.473978336413	0.552155490574	0.553182994203	0.492841714819	0.442148114223	0.570312911771	0.547760737938	0.534097989372	0.440921242828	0.520211708129	0.56627524571	0.540468563352	0.448865575132	0.515854944206	0.505503567113	0.552136154576	0.641944933086	0.51905671799	0.569966760509	0.56146871813	0.444409385271	0.516908983714	0.507708718948	0.501143636063	0.563861810977	0.544431471933	0.56275686265	0.579381627648	0.464370866954	0.566624317721	0.515796454332	0.57278113389	0.480612845216	0.550939149269	0.620384417724
700016379	0.543172839847	0.491252309577	0.491885971663	0.549059848777	0.440552484674	0.496374574741	0.532386655356	0.508682666448	0.524414660425	0.46682483914	0.513470338508	0.463956785756	0.512042966541	0.546733487866	0.563818309839	0.523732243063	0.5525011452	0.503526631152	0.463986422451	0.530479788907	0.511624682254	0.450456438293	0.0	0.48635852318	0.510140644959	0.502405360385	0.558989128964	0.53738544601	0.474750224168	0.433724782549	0.592384635655	0.555244163337	0.538657903273	0.487324493215	0.461916535518	0.55956575402	0.572962158923	0.483574203727	0.551434683477	0.533485088747	0.528007451257	0.640949001472	0.481196337028	0.566233623539	0.573117861246	0.454645980302	0.463375983494	0.552820391095	0.542656173915	0.59107859289	0.492996402785	0.584846664489	0.576378901813	0.463055579371	0.524049391959	0.555764301074	0.598516458416	0.482405399136	0.547539360409	0.639952250894
700016462	0.449347827974	0.549890134439	0.525149657047	0.475180951298	0.539620941196	0.559288002027	0.464237501096	0.478547528537	0.444070363155	0.519018648781	0.457771005797	0.522302050355	0.509342018576	0.50450598045	0.551470895255	0.624326964947	0.424990134492	0.438682569498	0.462954109662	0.417328601069	0.47749193	0.383919800493	0.48635852318	0.0	0.553322951782	0.516942256386	0.59771925057	0.541766027139	0.482489365115	0.420762289259	0.509477764594	0.606545436031	0.518363866395	0.454486538609	0.464508194498	0.579159321952	0.583381109186	0.49174267326	0.529860974266	0.536618048242	0.464938447398	0.67281671413	0.551859733023	0.623272476162	0.597730141595	0.521646854537	0.513858527013	0.455980091324	0.547921159611	0.612611859564	0.506416955332	0.601683122083	0.591461557708	0.484753578645	0.609940941388	0.562869207688	0.552703080652	0.507772247455	0.53784340493	0.653978006724
700016548	0.504597147875	0.574294144377	0.573566206394	0.509027573834	0.566987563081	0.608510941402	0.466173979668	0.531054110253	0.523783656368	0.554565896756	0.599959525705	0.558443166037	0.510722811177	0.570941847979	0.598384178933	0.605478372864	0.49501492762	0.501455338024	0.530259375485	0.53071997512	0.478813573881	0.516365829661	0.510140644959	0.553322951782	0.0	0.497195409731	0.564134735109	0.54494818379	0.442557495846	0.492768282306	0.483239943011	0.611076715558	0.383552881419	0.537312114421	0.493528671689	0.638868365675	0.626821268675	0.578400164216	0.604711822306	0.536137713402	0.489076628395	0.702746468863	0.560612490625	0.636986459458	0.581118643469	0.48431955879	0.559866137617	0.471490571457	0.556144790865	0.624552821011	0.455434342101	0.628566499528	0.657050454846	0.556061211905	0.612553386738	0.576415965027	0.609797177719	0.512003718133	0.557434541738	0.671949749008
700016626	0.543057363198	0.483199634494	0.513066578195	0.587096916456	0.483519496389	0.581661880091	0.47664909373	0.546924440282	0.478629444102	0.494081934897	0.570287716504	0.549953967209	0.581177605079	0.552418325692	0.685566631531	0.573356658085	0.559255498047	0.507703553979	0.547196545386	0.484285602743	0.568667862504	0.473978336413	0.502405360385	0.516942256386	0.497195409731	0.0	0.511735218146	0.526917620016	0.49979671295	0.499588435239	0.536529736282	0.542454207393	0.542681109657	0.545764073721	0.510114973331	0.552936367729	0.595709552839	0.555800706832	0.552407722706	0.532356420758	0.583517859907	0.713396995523	0.51582028913	0.546572418574	0.608385410374	0.452798529421	0.544062944297	0.516705145891	0.585118984581	0.627521121035	0.530235768673	0.572189830407	0.599323837043	0.508999699416	0.576223229345	0.550909196868	0.623885352283	0.462446947657	0.582497051735	0.669782328093
700016698	0.614571208868	0.484542267461	0.570706520306	0.641774121107	0.51914997276	0.441435802946	0.55597806392	0.58775831629	0.542630328496	0.517931787725	0.594752154859	0.446586569315	0.610559342748	0.430603969478	0.675488080974	0.454221831954	0.634264581272	0.585247988595	0.600862114575	0.611198185485	0.622890488527	0.552155490574	0.558989128964	0.59771925057	0.564134735109	0.511735218146	0.0	0.415746783341	0.582500161083	0.512417305722	0.617103573813	0.418047043975	0.628400988876	0.597590507248	0.571846497063	0.451283792959	0.494558188118	0.570435962874	0.4141947147	0.377377010603	0.63204005583	0.694546603112	0.373509225008	0.459584312856	0.454148882602	0.490761486865	0.550685748439	0.629144902619	0.596784825423	0.463623168641	0.587784396797	0.453182417968	0.501229724443	0.549765274768	0.405227329317	0.608121684112	0.500438100722	0.544435591629	0.615829400349	0.650344493189
700016782	0.554703683314	0.593164063651	0.597932951142	0.604082906272	0.494124721651	0.41905353503	0.51690160157	0.529713984594	0.492630167867	0.578315506218	0.603742398916	0.386691361085	0.553033157699	0.429804637444	0.646675471057	0.47933992371	0.554860326155	0.583366240041	0.556599306065	0.57182312058	0.532604800711	0.553182994203	0.53738544601	0.541766027139	0.54494818379	0.526917620016	0.415746783341	0.0	0.590412463479	0.492388002931	0.55728579449	0.480498538633	0.506984287778	0.585422595357	0.535956477485	0.441731083681	0.534125246485	0.559082418165	0.42739386571	0.37264492233	0.523106543339	0.720678858234	0.375119527448	0.490788137066	0.471462814606	0.510570678599	0.551429593255	0.564466390511	0.606170443446	0.47118666136	0.524804380228	0.47730653299	0.439998798746	0.514283892293	0.421054910363	0.599615088235	0.495879335522	0.560288140516	0.582146446334	0.709746120433
700016908	0.487747832156	0.532639817006	0.492025562547	0.57577208243	0.522541922846	0.563200652735	0.531772148866	0.476488640222	0.55291509843	0.514781718583	0.551518459984	0.51574568818	0.49836604371	0.548793913676	0.540516443778	0.560482059075	0.514489968366	0.493567225293	0.52826941963	0.550477837799	0.546780466107	0.492841714819	0.474750224168	0.482489365115	0.442557495846	0.49979671295	0.582500161083	0.590412463479	0.0	0.490890118368	0.50630466019	0.578728831626	0.544542522396	0.432688181764	0.479500493023	0.538932344067	0.614461352247	0.521390885869	0.579016958153	0.552715738985	0.54889021671	0.663184252057	0.561720709137	0.580274055809	0.621258741633	0.487653447527	0.518059298861	0.48016117595	0.589805965252	0.628179233938	0.489707121196	0.591703233979	0.649787438243	0.516775434438	0.566479192444	0.55712608036	0.578272401116	0.454849320496	0.580397219336	0.602814685535
700016978	0.435628110226	0.543675876662	0.525457071504	0.479930402694	0.463800026884	0.529713519828	0.44660649676	0.429702720439	0.464972790998	0.488415058934	0.4829058213	0.484524633939	0.511835111599	0.522219667496	0.559476311544	0.572091428548	0.452267631977	0.483977816989	0.412240178638	0.476542799673	0.453609900496	0.442148114223	0.433724782549	0.420762289259	0.492768282306	0.499588435239	0.512417305722	0.492388002931	0.490890118368	0.0	0.531241063245	0.558489933022	0.475438731937	0.455665163339	0.462837593264	0.531429601854	0.606393863365	0.49187467789	0.511668157646	0.487721708442	0.459305031221	0.679242528428	0.506048162332	0.574333066089	0.588811720505	0.491505807041	0.45534222242	0.48523626767	0.564384603333	0.618227623184	0.462385525935	0.556978193271	0.593003922377	0.445146522309	0.551829734914	0.543140005947	0.576859539098	0.436510763673	0.548906831558	0.669889223897
700106399	0.48659998394	0.627729189144	0.619473569187	0.501579844307	0.586943188044	0.662826919818	0.424744901362	0.556428068144	0.446704820217	0.610815475498	0.66241198192	0.603389789378	0.528105670319	0.564113410938	0.620258706931	0.672340735177	0.453785894209	0.540584882154	0.538653456078	0.457535285095	0.458963467139	0.570312911771	0.592384635655	0.509477764594	0.483239943011	0.536529736282	0.617103573813	0.55728579449	0.50630466019	0.531241063245	0.0	0.637568933544	0.392166554899	0.50277528236	0.546179603538	0.655842451287	0.665545492447	0.593193322215	0.587698240215	0.608867516884	0.484206825975	0.699352087099	0.617340405531	0.645047318444	0.651688449845	0.558340092033	0.55993398899	0.447525731353	0.576401687139	0.692000866058	0.459751361118	0.640017253627	0.649708315151	0.580844852049	0.658926598859	0.648329155217	0.634399181487	0.588105979759	0.565735958861	0.715377899051
700106496	0.615319332188	0.570505403634	0.594028688875	0.650906216812	0.530789248497	0.462389329093	0.572475841217	0.639761287055	0.500309797054	0.582118479011	0.620828386592	0.458334526302	0.631101091592	0.464795174751	0.710355165357	0.478311238054	0.638333813343	0.561418958996	0.567839650722	0.558406331839	0.620271763383	0.547760737938	0.555244163337	0.606545436031	0.611076715558	0.542454207393	0.418047043975	0.480498538633	0.578728831626	0.558489933022	0.637568933544	0.0	0.626035465942	0.602163757263	0.615583123954	0.433082508641	0.475239337849	0.571337537367	0.471330033046	0.418151384032	0.620418443348	0.739323176523	0.446266657856	0.471277105266	0.453261625172	0.514520316586	0.562320179899	0.622027273453	0.633841449865	0.49543716542	0.630473530477	0.458211905638	0.507710652814	0.607179578458	0.425760374059	0.635529360095	0.531821482119	0.538583784581	0.635012989901	0.696209403652
700106554	0.521283054728	0.639441363636	0.633141408956	0.490174486299	0.591960271587	0.64487788424	0.411180998032	0.521104295286	0.489955100989	0.57594893453	0.617386311001	0.584560237213	0.515560951395	0.572370047639	0.594146183452	0.639408272346	0.429124209364	0.52314197901	0.514957418404	0.474443483344	0.443079440037	0.534097989372	0.538657903273	0.518363866395	0.383552881419	0.542681109657	0.628400988876	0.506984287778	0.544542522396	0.475438731937	0.392166554899	0.626035465942	0.0	0.499407086843	0.51573458137	0.67953484702	0.640932522974	0.618646550971	0.601560708956	0.575206604346	0.416401903804	0.729177408279	0.603455398944	0.674640685413	0.605652020766	0.532270964326	0.537774903885	0.426302782156	0.54640058324	0.681769334379	0.448276851783	0.65013680709	0.623817990756	0.561939912467	0.638725116848	0.605873746977	0.610079639317	0.564254369388	0.539385238338	0.700630621751
700106933	0.420986928726	0.564841146307	0.468684018766	0.455145047257	0.536860869548	0.549020751169	0.50153511234	0.46729058609	0.540215355607	0.495389850211	0.528429178484	0.532240281315	0.548401643723	0.528024100737	0.532953021687	0.579823098849	0.437874686198	0.425745560592	0.46672097892	0.491672722744	0.475216447592	0.440921242828	0.487324493215	0.454486538609	0.537312114421	0.545764073721	0.597590507248	0.585422595357	0.432688181764	0.455665163339	0.50277528236	0.602163757263	0.499407086843	0.0	0.540656181912	0.541118160097	0.562463970149	0.47248397933	0.548572426601	0.604706645246	0.514402737642	0.654665463033	0.572461820446	0.581982361855	0.592920319879	0.533406465789	0.496665641069	0.444678520189	0.540471484457	0.642409869574	0.475163167188	0.58544525637	0.607094192493	0.488076077945	0.613842159764	0.535841657996	0.519920706566	0.517708651864	0.566026118247	0.607016271472
700106987	0.464528829073	0.500110514197	0.549724281262	0.531450428204	0.416855796705	0.537927344292	0.542289514486	0.473718731022	0.514559601389	0.465596919969	0.511698478932	0.493586839952	0.477249741624	0.545328552897	0.554489083075	0.588215568546	0.528631831449	0.486263987114	0.51428826647	0.510584454531	0.508771701756	0.520211708129	0.461916535518	0.464508194498	0.493528671689	0.510114973331	0.571846497063	0.535956477485	0.479500493023	0.462837593264	0.546179603538	0.615583123954	0.51573458137	0.540656181912	0.0	0.604219571584	0.606763411337	0.540330774722	0.575129468894	0.528845925358	0.516919498962	0.689450120735	0.521239261287	0.608923996875	0.626976700941	0.520180549593	0.538107824776	0.48934940625	0.547717012208	0.595315322276	0.458677348307	0.577660777176	0.595718866453	0.491102008651	0.584815551797	0.533870182147	0.57168049379	0.497604654075	0.526826046003	0.658658869733
700107046	0.60939615958	0.566625329297	0.529451779928	0.600310840532	0.489535264024	0.475543604996	0.611801358914	0.585950590389	0.59610903715	0.568891215599	0.558939484953	0.467267117111	0.663487877468	0.458859276997	0.667255976602	0.453638884806	0.60514223721	0.600457376421	0.576307414508	0.616055860751	0.600761009314	0.56627524571	0.55956575402	0.579159321952	0.638868365675	0.552936367729	0.451283792959	0.441731083681	0.538932344067	0.531429601854	0.655842451287	0.433082508641	0.67953484702	0.541118160097	0.604219571584	0.0	0.521038136954	0.570431619679	0.442864797545	0.383482549006	0.592105659267	0.671609007258	0.456108021452	0.454357480932	0.503791027905	0.554018687342	0.583937082924	0.631648117975	0.587526546528	0.456328978058	0.576711239688	0.389871819351	0.517789368238	0.578356423296	0.356498152657	0.578035162298	0.432714761367	0.567394525604	0.605375685238	0.636814193316
700107195	0.617983986316	0.623443361187	0.622297419015	0.646800150146	0.592048007569	0.426847063946	0.601554402621	0.620083827185	0.605576696668	0.614134906925	0.603219748309	0.431217828663	0.614018458499	0.499490181725	0.675473796358	0.493257458255	0.620769307885	0.517492150587	0.634383588429	0.603422167996	0.626043570827	0.540468563352	0.572962158923	0.583381109186	0.626821268675	0.595709552839	0.494558188118	0.534125246485	0.614461352247	0.606393863365	0.665545492447	0.475239337849	0.640932522974	0.562463970149	0.606763411337	0.521038136954	0.0	0.621769514097	0.471352195536	0.527625747531	0.665594753584	0.714479075199	0.495146409008	0.526765151808	0.38904724455	0.58874231107	0.660211407161	0.621200064025	0.558826614443	0.450412821267	0.632455999311	0.521898139202	0.416958048667	0.602714173742	0.532894842206	0.583275092153	0.425693233559	0.621772980485	0.555560926999	0.634666865342
700107381	0.484501708951	0.522353831685	0.47103829057	0.525124106073	0.476063618962	0.508117594446	0.565130956849	0.495402605284	0.503278708739	0.476909013507	0.49362429836	0.559614136975	0.544062669471	0.540681922355	0.541099430963	0.614847777033	0.510256836052	0.502589290196	0.43864020812	0.514566912268	0.517773111784	0.448865575132	0.483574203727	0.49174267326	0.578400164216	0.555800706832	0.570435962874	0.559082418165	0.521390885869	0.49187467789	0.593193322215	0.571337537367	0.618646550971	0.47248397933	0.540330774722	0.570431619679	0.621769514097	0.0	0.534494870877	0.577898675867	0.49222014803	0.650239721998	0.459011802058	0.589073962844	0.592817097871	0.494656142615	0.419904682309	0.559297700595	0.555880314427	0.589214096245	0.538882939239	0.541521019949	0.582133987915	0.453862114033	0.59540715624	0.533506451346	0.619663253491	0.52613831154	0.586136430172	0.6167405128
700107495	0.524563667932	0.545740604238	0.518201028302	0.576106293012	0.541100975708	0.411218685571	0.566427920182	0.520390135237	0.518566178714	0.549407819616	0.565213065845	0.378419870816	0.545398684647	0.423793872334	0.651338429576	0.538763312164	0.557596120658	0.567122633512	0.598337088728	0.51306675432	0.54539407799	0.515854944206	0.551434683477	0.529860974266	0.604711822306	0.552407722706	0.4141947147	0.42739386571	0.579016958153	0.511668157646	0.587698240215	0.471330033046	0.601560708956	0.548572426601	0.575129468894	0.442864797545	0.471352195536	0.534494870877	0.0	0.430033319441	0.583157981741	0.683902375645	0.399976149105	0.439113304436	0.472480762867	0.504548609901	0.547361918105	0.574789272821	0.60294629528	0.505644477955	0.560416623063	0.46142425712	0.46041953358	0.548271710678	0.441239506664	0.616172668583	0.488650746619	0.578362165417	0.60717596797	0.711112789752
700107552	0.577033939076	0.549711911341	0.564164479133	0.628817437371	0.491432439091	0.46703713472	0.525201698892	0.549857325865	0.524441111762	0.526774740016	0.53178898887	0.405481061946	0.617207544913	0.385836173664	0.665189228025	0.451478962499	0.591815494053	0.596288017225	0.589621989492	0.58507397382	0.591871194709	0.505503567113	0.533485088747	0.536618048242	0.536137713402	0.532356420758	0.377377010603	0.37264492233	0.552715738985	0.487721708442	0.608867516884	0.418151384032	0.575206604346	0.604706645246	0.528845925358	0.383482549006	0.527625747531	0.577898675867	0.430033319441	0.0	0.578297212269	0.727877121769	0.378355681143	0.432282783649	0.465502235699	0.502134237109	0.569574820541	0.614099040699	0.586253353048	0.478377893839	0.542402934805	0.40398341815	0.474984164958	0.554976441423	0.370641505326	0.606410685486	0.463554498106	0.556627858078	0.61510510159	0.717884067479
700107765	0.479343371978	0.642264711482	0.608124054889	0.434363413331	0.58552281229	0.609836108036	0.448298358914	0.50267948346	0.462500904973	0.574497851532	0.563735954217	0.555990575167	0.501998155642	0.579272969243	0.528844624451	0.679569401086	0.410577993809	0.509383696725	0.48455937409	0.487211170925	0.36829495121	0.552136154576	0.528007451257	0.464938447398	0.489076628395	0.583517859907	0.63204005583	0.523106543339	0.54889021671	0.459305031221	0.484206825975	0.620418443348	0.416401903804	0.514402737642	0.516919498962	0.592105659267	0.665594753584	0.49222014803	0.583157981741	0.578297212269	0.0	0.72887307712	0.590002835844	0.667283310392	0.609353682762	0.53288864337	0.463400029953	0.428523460806	0.574659962156	0.638488924418	0.418139475723	0.633782870377	0.638556896402	0.498335298373	0.644148130454	0.556221651063	0.617503666763	0.559967119061	0.539088801004	0.663252163977
700107822	0.649762052511	0.621885202229	0.57932825553	0.70503420306	0.651297935959	0.671035038528	0.733624310649	0.654635932028	0.736961753745	0.621599751129	0.586457875745	0.712702070985	0.672210745084	0.731611807712	0.636966363001	0.743927041628	0.669977681223	0.658007088916	0.682105883699	0.689015840096	0.720614291333	0.641944933086	0.640949001472	0.67281671413	0.702746468863	0.713396995523	0.694546603112	0.720678858234	0.663184252057	0.679242528428	0.699352087099	0.739323176523	0.729177408279	0.654665463033	0.689450120735	0.671609007258	0.714479075199	0.650239721998	0.683902375645	0.727877121769	0.72887307712	0.0	0.72113165778	0.729011256618	0.757910961816	0.668266186356	0.686263174666	0.723171410473	0.568581083163	0.676272849422	0.678618476288	0.697035771497	0.676022866651	0.658955991885	0.702850826034	0.605801188156	0.677979511869	0.71423078091	0.637255787105	0.574104020426
700107879	0.57367762019	0.492886518097	0.520218146555	0.593795678746	0.456145214112	0.38326000431	0.544735987174	0.520125658348	0.494333555653	0.507141132616	0.565456275881	0.381911687355	0.564200978643	0.393308421221	0.637800796021	0.431308387288	0.635067440293	0.578890620402	0.579442205271	0.549136406957	0.579002313445	0.51905671799	0.481196337028	0.551859733023	0.560612490625	0.51582028913	0.373509225008	0.375119527448	0.561720709137	0.506048162332	0.617340405531	0.446266657856	0.603455398944	0.572461820446	0.521239261287	0.456108021452	0.495146409008	0.459011802058	0.399976149105	0.378355681143	0.590002835844	0.72113165778	0.0	0.396737096202	0.502463391336	0.448812839252	0.520722282703	0.594416524929	0.578915726203	0.472528140108	0.534743610125	0.390574162421	0.433213452184	0.506800513899	0.379699337461	0.588955669336	0.505465801853	0.51639541469	0.61557960079	0.705484184818
700107936	0.611919574097	0.559197196178	0.550587392258	0.635031764933	0.577317617703	0.466725093471	0.633966335726	0.573457796679	0.623548458886	0.571391653248	0.653816909997	0.490469297176	0.624629698184	0.452264912153	0.703719329526	0.389588093935	0.68547317936	0.646685733354	0.656462237228	0.614625359771	0.607115615945	0.569966760509	0.566233623539	0.623272476162	0.636986459458	0.546572418574	0.459584312856	0.490788137066	0.580274055809	0.574333066089	0.645047318444	0.471277105266	0.674640685413	0.581982361855	0.608923996875	0.454357480932	0.526765151808	0.589073962844	0.439113304436	0.432282783649	0.667283310392	0.729011256618	0.396737096202	0.0	0.506919279393	0.570368704914	0.567693415842	0.633283075314	0.642528731514	0.547086862292	0.61611089138	0.403189112969	0.542549252408	0.554428844043	0.418370896319	0.659771654444	0.513476259892	0.554094656718	0.688070980814	0.727388654797
