bm_700098550	bm_700105215	bm_700107881	bm_700111304	bm_700033225	bm_700101232	bm_700038348	bm_700021685	bm_700105839	bm_700024343	bm_700103610	bm_700106935	bm_700113555	bm_700014977	bm_700024502	bm_700024400	bm_700024745	bm_700014787	bm_700114172	bm_700038535	bm_700106343	bm_700105158	bm_700110595	bm_700102856	bm_700107938	bm_700114223	bm_700023545	bm_700098275	bm_700101084	bm_700096275	td_700111302	td_700021683	td_700037690	td_700111162	td_700023227	td_700110760	td_700113058	td_700106987	td_700095359	td_700111991	td_700038533	td_700114709	td_700102911	td_700106554	td_700107936	td_700099294	td_700097694	td_700114434	td_700024790	td_700099809	td_700107381	td_700014785	td_700024089	td_700105156	td_700038959	td_700095219	td_700023439	td_700105623	td_700024500	td_700038744
bm_700098550	0	-0.271381618869988	-0.269601073006804	-0.27284344527047	-0.312820242457008	-0.377300523063301	-0.303279106278059	-0.385689904726965	-0.277035621564001	-0.286523977046409	-0.350825462477288	-0.308890139692841	-0.306011022166261	-0.200818056846221	-0.371786459873093	-0.27904187699601	-0.344189480969844	-0.261445233963276	-0.255537508354393	-0.335382857850159	-0.386853427586667	-0.361242579408628	-0.333620102800802	-0.140693602249386	-0.228358531707392	-0.319934511937846	-0.288853783673116	-0.184321005789724	-0.242752081520823	-0.224954957561851	-0.345082975406438	-0.323534299913698	-0.565986442865624	-0.387320909584815	-0.381220361249307	-0.572091749461598	-0.547971575364456	-0.466681274787727	-0.510101647435922	-0.366764617798665	-0.511684442758422	-0.33871398401221	-0.455617832630212	-0.585839698007957	-0.350437897982817	-0.39370030199969	-0.416448937829803	-0.382003078426586	-0.513566511152998	-0.378675764156528	-0.277735275987977	-0.34294397560748	-0.449250988553969	-0.501935964391484	-0.487612150497398	-0.400310868001385	-0.546353651772259	-0.471595692081055	-0.497676537296209	-0.502820472265199
bm_700105215	-0.271381618869988	0	-0.306129045308246	-0.253672462585348	-0.470026339139561	-0.439936931282894	-0.293116576925231	-0.423547945299323	-0.221665022172987	-0.234951815049679	-0.183376406216423	-0.349596997898993	-0.211319335583578	-0.29065610304986	-0.293723731757618	-0.25242075949742	-0.267378075958908	-0.274045557742503	-0.124726509469452	-0.270722009560282	-0.268876921928646	-0.321359661591978	-0.375789309935436	-0.324531633232571	-0.404158679795029	-0.184099091658435	-0.341221062068101	-0.294557843963851	-0.402300615656905	-0.31265778862751	-0.32394394011829	-0.265044977251822	-0.619842211198835	-0.340455741533309	-0.386289764946851	-0.623327622986008	-0.586087648671278	-0.447105612525721	-0.552521959423826	-0.391531408075203	-0.563627407429344	-0.307104014775355	-0.491887621595428	-0.613731130098672	-0.304978385692057	-0.383629744442573	-0.424196205792328	-0.430289866983182	-0.540073709265484	-0.36090547383824	-0.31354650210254	-0.379021307291602	-0.476769456286261	-0.530387147624687	-0.524666711440828	-0.383090381641878	-0.587654811034175	-0.49537391966702	-0.539114485320071	-0.538996696698623
bm_700107881	-0.269601073006804	-0.306129045308246	0	-0.243060080841339	-0.414782953545484	-0.491862196470369	-0.272485508283762	-0.485305634975296	-0.278430359219411	-0.282093496605499	-0.331925869716266	-0.395561489384265	-0.310372749514209	-0.220546910151861	-0.376038483222492	-0.262387445102895	-0.304887849337388	-0.283600671623621	-0.277887784127168	-0.353259761457684	-0.349906044834751	-0.268840666898337	-0.447855467259956	-0.318398962023783	-0.23003767839975	-0.330614262762746	-0.374703849676433	-0.300675782053398	-0.397823478458159	-0.322708924615389	-0.268348121484776	-0.261302692247504	-0.485333807827028	-0.340558618590483	-0.261183875917391	-0.485633977905684	-0.508290633036676	-0.410571004089246	-0.510554397783275	-0.244833724768503	-0.446540874121116	-0.269778398698641	-0.407201406062781	-0.496070590299539	-0.24552383318868	-0.353321450591376	-0.367713912695945	-0.375712685441865	-0.425076672423059	-0.307144708207439	-0.24409953457827	-0.261336032583306	-0.332623711404357	-0.421859643025943	-0.455022829832324	-0.361720666896104	-0.462735946528288	-0.373718391796277	-0.413075191831316	-0.415676258233404
bm_700111304	-0.27284344527047	-0.253672462585348	-0.243060080841339	0	-0.425658099408305	-0.38828261025272	-0.314425521614963	-0.38219297503581	-0.223030138219691	-0.332327724188359	-0.223130249015494	-0.262722471811151	-0.299994927187169	-0.248027485245089	-0.364497039627086	-0.281517195217847	-0.244393246213815	-0.322419585875384	-0.172996327719636	-0.335554473424923	-0.246264110153104	-0.348537923623369	-0.3650794587655	-0.328191220476472	-0.318468719321644	-0.247463577426768	-0.295022421602551	-0.254727483610111	-0.407383249280296	-0.295460792603851	-0.308373239739557	-0.288385291951046	-0.600658620231148	-0.375594935378579	-0.390018684644673	-0.605120916463828	-0.565960190025504	-0.456229045643853	-0.556566231850561	-0.40016558088628	-0.548484348929759	-0.35299700957039	-0.483398789921112	-0.606610821921959	-0.329743065521101	-0.378826200129275	-0.421694229024967	-0.415823289657346	-0.522030586834176	-0.366729922430834	-0.32086898268496	-0.367585235937026	-0.471427016914272	-0.52741448818065	-0.502713550093344	-0.401169852755003	-0.574266521411955	-0.493545012449022	-0.515007782845765	-0.531232517618186
bm_700033225	-0.312820242457008	-0.470026339139561	-0.414782953545484	-0.425658099408305	0	-0.469058200781143	-0.429195872955422	-0.48194833512277	-0.413540509529376	-0.427824988593065	-0.45985300104857	-0.433762486450111	-0.45731142274043	-0.347142155032179	-0.453503244680623	-0.395806788025807	-0.401236246246715	-0.386168766281849	-0.449664016795474	-0.421679993649061	-0.48914647900651	-0.472321800359915	-0.460193927968787	-0.330365359323839	-0.353077773110828	-0.43410683408461	-0.428359759231217	-0.354697333413689	-0.3446637701591	-0.379560597343375	-0.454122026986384	-0.469292601862933	-0.604737281140997	-0.472120955844581	-0.480457139123509	-0.638381518290929	-0.597227305463243	-0.521180503556738	-0.55810600342945	-0.452853681751527	-0.538618433156342	-0.438521970354433	-0.49526987154183	-0.629464379082219	-0.44114442663878	-0.486945965766286	-0.483361348832981	-0.44509770415818	-0.584054567174209	-0.454160620147638	-0.439690487746388	-0.440697925565676	-0.512030015106322	-0.556078643554441	-0.548229249370535	-0.480011367715022	-0.58585080629381	-0.540692709275162	-0.530214022278623	-0.545075353992414
bm_700101232	-0.377300523063301	-0.439936931282894	-0.491862196470369	-0.38828261025272	-0.469058200781143	0	-0.577235860237371	-0.18715314702489	-0.405731471919819	-0.562619917461897	-0.487784709133052	-0.309361828231117	-0.449817584203777	-0.421034693993895	-0.558667803500318	-0.546377562487742	-0.499276756773203	-0.503919600078585	-0.397729994639981	-0.586044771850502	-0.48946293918555	-0.593317658168377	-0.213805222242961	-0.365712210337261	-0.369547728648408	-0.411593660848414	-0.2457149710368	-0.337462667806995	-0.369814264729937	-0.325061764230474	-0.594853538169609	-0.56465601739191	-0.751191819844254	-0.626208240313918	-0.63825451481545	-0.78350168792387	-0.748558621606924	-0.690383719154888	-0.691926837960161	-0.632460596272217	-0.722338481844327	-0.593566012268695	-0.681699231048215	-0.768979138471981	-0.586460698870615	-0.632190389259576	-0.656969553201096	-0.595657730312757	-0.724168252549753	-0.630492878656111	-0.560959605215554	-0.601487361498895	-0.685888206855492	-0.690638289217982	-0.69121435829205	-0.643903398402191	-0.745484647117169	-0.70325880301555	-0.710491804882718	-0.707650829786316
bm_700038348	-0.303279106278059	-0.293116576925231	-0.272485508283762	-0.314425521614963	-0.429195872955422	-0.577235860237371	0	-0.553282054844983	-0.308885416044266	-0.189528373510501	-0.271232572872024	-0.447480058773144	-0.319365001860612	-0.286559772427133	-0.285536374420164	-0.237276023548104	-0.296390473480215	-0.273991097686985	-0.299355515443607	-0.266408898167381	-0.332493904842354	-0.307784329750057	-0.517803179937861	-0.345659819339122	-0.394714163796586	-0.361479667560121	-0.460112606244626	-0.338002135781838	-0.461242314629552	-0.410664398433088	-0.155278878421704	-0.192729244111078	-0.37753293201949	-0.166121517254168	-0.251690246850913	-0.365313734479171	-0.334271796900135	-0.229498347458973	-0.327272665974043	-0.286195844723679	-0.312922050814688	-0.222264323736087	-0.230803177422602	-0.385048408777277	-0.256465488345004	-0.17084637797988	-0.201601308378219	-0.183150722560835	-0.315654943563197	-0.17972034042086	-0.216672519287965	-0.282715627174404	-0.301374398463086	-0.287231792026201	-0.278127199376625	-0.176851053774659	-0.321907004355645	-0.282221509084185	-0.281706295767001	-0.282721601260551
bm_700021685	-0.385689904726965	-0.423547945299323	-0.485305634975296	-0.38219297503581	-0.48194833512277	-0.18715314702489	-0.553282054844983	0	-0.409186893673237	-0.531315958612023	-0.444623285933103	-0.250209833064332	-0.441794460083383	-0.388115057180355	-0.553899677834224	-0.518784397236632	-0.507789519332943	-0.488877843138186	-0.396020447598035	-0.557380318562623	-0.430826105673353	-0.590228437966333	-0.210951396100055	-0.383098425172283	-0.382016577960377	-0.376501359343503	-0.270641543052063	-0.331030399294807	-0.414405356381144	-0.32638717028151	-0.592175345549977	-0.573458372247292	-0.757627439283711	-0.621750969198458	-0.644686263950023	-0.791296416030308	-0.752708689862987	-0.694768666345624	-0.703942686292333	-0.631095844712242	-0.725730913962714	-0.611247633456224	-0.689921813214253	-0.775019555029292	-0.581455002900919	-0.63738646058526	-0.660769362906687	-0.606287868873959	-0.726797157070195	-0.637794865327953	-0.55927237337298	-0.60971759585211	-0.692224939188677	-0.702446920750566	-0.698780181921385	-0.65012594040696	-0.75077580993389	-0.709201957009473	-0.715357352788742	-0.714884954775625
bm_700105839	-0.277035621564001	-0.221665022172987	-0.278430359219411	-0.223030138219691	-0.413540509529376	-0.405731471919819	-0.308885416044266	-0.409186893673237	0	-0.314889165130208	-0.237188162403505	-0.253030359839973	-0.220109918701817	-0.250988158652447	-0.315033120969701	-0.254438622587663	-0.216122900537228	-0.253617288822995	-0.185609450105708	-0.306274570324754	-0.219675106472237	-0.355633067499644	-0.363414549696834	-0.339014915897085	-0.340226662528162	-0.193151466198091	-0.333276959567338	-0.240186703666806	-0.406329967426311	-0.306991755065485	-0.327456991708329	-0.293081771098947	-0.593658500727722	-0.413438220263852	-0.359098947314923	-0.606803956071459	-0.569672640423166	-0.442657832230334	-0.587886197259282	-0.405997878288949	-0.524686897460072	-0.312614019045428	-0.464061339165407	-0.599956216908068	-0.31873332616098	-0.429604045011655	-0.432070928359402	-0.43486425053602	-0.534540219796376	-0.338866441225841	-0.301258285857914	-0.366589437787094	-0.45446307334649	-0.520145185092203	-0.508476540381559	-0.426468375957701	-0.563566372771013	-0.466564722199069	-0.499281176398679	-0.515074796289582
bm_700024343	-0.286523977046409	-0.234951815049679	-0.282093496605499	-0.332327724188359	-0.427824988593065	-0.562619917461897	-0.189528373510501	-0.531315958612023	-0.314889165130208	0	-0.23312878676837	-0.44592030501857	-0.251782199218111	-0.266593913244268	-0.238647590939605	-0.18356722824463	-0.275833455477	-0.22811131197906	-0.281528497982457	-0.219847769352802	-0.30935380101786	-0.278378422133154	-0.496406872482937	-0.342729087022957	-0.375884866074315	-0.317389457700081	-0.448652370249553	-0.348209080938852	-0.46046873447475	-0.384093032468302	-0.224343256085597	-0.230059306873373	-0.462479881648294	-0.194747119334946	-0.280753640299217	-0.465266521520124	-0.417185187816825	-0.302358689602948	-0.379419000233656	-0.276024344312228	-0.3950478097415	-0.212009820003692	-0.326116057339078	-0.468392054636985	-0.252526951500736	-0.236948786881662	-0.266849258891487	-0.265220077693381	-0.411563287583527	-0.223242785713142	-0.238216630527951	-0.283825303828007	-0.369748374014343	-0.375440277507588	-0.356269186405961	-0.230187076532703	-0.419721213768596	-0.345637809311164	-0.377098389578226	-0.37470062619032
bm_700103610	-0.350825462477288	-0.183376406216423	-0.331925869716266	-0.223130249015494	-0.45985300104857	-0.487784709133052	-0.271232572872024	-0.444623285933103	-0.237188162403505	-0.23312878676837	0	-0.335568231415535	-0.22602514195551	-0.293280724685229	-0.24436211409186	-0.224693767142115	-0.188807901409432	-0.288528754584853	-0.16515398142811	-0.220485312772701	-0.154459752732812	-0.336728147510843	-0.436382958136008	-0.385913337688364	-0.438827482664011	-0.183081902844516	-0.384568023148586	-0.330393873027654	-0.471962968432203	-0.388671683523358	-0.265718091782408	-0.262116069068855	-0.58137354060115	-0.327991010467889	-0.339202912877456	-0.595538241574441	-0.55953187410328	-0.397074764828594	-0.551968939418273	-0.364046178267458	-0.508786064474162	-0.275949158083851	-0.441610109618884	-0.591223388814927	-0.261614537376772	-0.36760128392818	-0.380985136663702	-0.388700871838984	-0.521062550477843	-0.307200008698985	-0.297352756405273	-0.352857097980053	-0.441366218230355	-0.514457490227487	-0.492021234515465	-0.361861400679935	-0.544234416493291	-0.455353831121281	-0.480316402820175	-0.488957246504655
bm_700106935	-0.308890139692841	-0.349596997898993	-0.395561489384265	-0.262722471811151	-0.433762486450111	-0.309361828231117	-0.447480058773144	-0.250209833064332	-0.253030359839973	-0.44592030501857	-0.335568231415535	0	-0.361333468680525	-0.332558696492716	-0.474920227047559	-0.42008052077925	-0.393772260754565	-0.398139095594298	-0.279494041176673	-0.450085619919053	-0.322560033703132	-0.475588790661532	-0.269086407139507	-0.319186473626921	-0.352561444787681	-0.299091703465233	-0.266306476791599	-0.23158236141348	-0.405363951748034	-0.293886016742584	-0.483188419456209	-0.45940991256685	-0.677746620907037	-0.535782424616217	-0.541890520288968	-0.703044540212361	-0.663100475939933	-0.604103462719834	-0.641654062595364	-0.555015335658102	-0.640425269819705	-0.500360658194545	-0.59743846077739	-0.69107603902334	-0.478956410077082	-0.535444187064148	-0.567294204640611	-0.509088437617637	-0.64000720177594	-0.527165187612882	-0.438750500109991	-0.524378637097321	-0.598012926486563	-0.615471513245615	-0.600366113614501	-0.558874237542894	-0.669315193327675	-0.618549676263893	-0.624473975397443	-0.625041796574306
bm_700113555	-0.306011022166261	-0.211319335583578	-0.310372749514209	-0.299994927187169	-0.45731142274043	-0.449817584203777	-0.319365001860612	-0.441794460083383	-0.220109918701817	-0.251782199218111	-0.22602514195551	-0.361333468680525	0	-0.282410828697682	-0.284884357566065	-0.206500600938907	-0.244308236604001	-0.23208672854464	-0.20444386718	-0.271795979383678	-0.233229018317161	-0.328792228473582	-0.393120603039358	-0.376124459812757	-0.36492433583131	-0.217335083260042	-0.377444560477527	-0.342262038110253	-0.440118313569406	-0.307665687830828	-0.35136345005877	-0.297322518829212	-0.640943161085803	-0.376568200476248	-0.405541953464951	-0.668635787597744	-0.62751445859446	-0.473827636014568	-0.605217681996307	-0.3995436230605	-0.59135740761324	-0.324266542421333	-0.523762097918805	-0.654296817128252	-0.304057346706966	-0.433157742428223	-0.45571160216884	-0.457499657403727	-0.580928607806834	-0.383141276835342	-0.345141593889843	-0.358248146867336	-0.493108782007902	-0.576542615253662	-0.562897964911418	-0.412630153354464	-0.611423351664796	-0.513817731951961	-0.559001049415582	-0.562492773758242
bm_700014977	-0.200818056846221	-0.29065610304986	-0.220546910151861	-0.248027485245089	-0.347142155032179	-0.421034693993895	-0.286559772427133	-0.388115057180355	-0.250988158652447	-0.266593913244268	-0.293280724685229	-0.332558696492716	-0.282410828697682	0	-0.35358213211078	-0.271123624557322	-0.308190431757319	-0.243064733568231	-0.267402385144081	-0.327095500309982	-0.309222856026935	-0.385272003770525	-0.322784658553723	-0.254264763814628	-0.293135146479678	-0.278423522519751	-0.308566729247207	-0.217109927227756	-0.347451987351441	-0.227561022739035	-0.289394100827941	-0.296083459967212	-0.550367060538523	-0.358995869121967	-0.355246894705558	-0.565364853934918	-0.533267843663509	-0.426483277978272	-0.498298418334607	-0.34993037335995	-0.479869698837797	-0.320944739176733	-0.415574267686679	-0.578051995070636	-0.337945367460525	-0.378198982183661	-0.375223037178391	-0.3575523707018	-0.507360266563224	-0.34331199911554	-0.30116587402588	-0.318565282648254	-0.43360233704093	-0.489573292611244	-0.471983539313903	-0.376191461915575	-0.522684761868419	-0.446723869447426	-0.459539836200363	-0.474387299619977
bm_700024502	-0.371786459873093	-0.293723731757618	-0.376038483222492	-0.364497039627086	-0.453503244680623	-0.558667803500318	-0.285536374420164	-0.553899677834224	-0.315033120969701	-0.238647590939605	-0.24436211409186	-0.474920227047559	-0.284884357566065	-0.35358213211078	0	-0.20221327069231	-0.312274998356208	-0.291713121260879	-0.293287712704231	-0.124801867701362	-0.26269108218692	-0.251845128790656	-0.515064961738691	-0.415580284926339	-0.42542166750013	-0.314785629501829	-0.482305951752605	-0.393507097140325	-0.512148565634737	-0.429224538366214	-0.305161381510291	-0.314821620588843	-0.506734143510419	-0.302987150983968	-0.338183737175156	-0.575937595527208	-0.452724349528539	-0.333765086083939	-0.443139453212448	-0.285896378282792	-0.472471275255904	-0.250394360096468	-0.386790909728488	-0.494681515198801	-0.222158341447484	-0.334864602929034	-0.320580131198221	-0.355386250029538	-0.479914553040006	-0.301848211863833	-0.301212348797161	-0.260251603249592	-0.365397485427377	-0.421006773927729	-0.408623331053421	-0.304538519888299	-0.467967977087149	-0.356373430241995	-0.422906827484441	-0.412780645266978
bm_700024400	-0.27904187699601	-0.25242075949742	-0.262387445102895	-0.281517195217847	-0.395806788025807	-0.546377562487742	-0.237276023548104	-0.518784397236632	-0.254438622587663	-0.18356722824463	-0.224693767142115	-0.42008052077925	-0.206500600938907	-0.271123624557322	-0.20221327069231	0	-0.244843131703984	-0.186740141011624	-0.2318548568856	-0.154639032833759	-0.24264375417561	-0.204284246602839	-0.477045388669649	-0.344905093929886	-0.317202845977898	-0.258241074264623	-0.404535337426762	-0.332947950103173	-0.446681931677191	-0.361663019660231	-0.273648256312151	-0.257355424534201	-0.52224868119138	-0.291881620083537	-0.285838037444832	-0.560953002824258	-0.498798310849417	-0.353498221432175	-0.503129082343737	-0.259842473397698	-0.451136019767167	-0.181478241499877	-0.380957638634502	-0.53969520927979	-0.167295350559905	-0.331459658522986	-0.317277891039046	-0.353708237042743	-0.465347733474348	-0.256764594303655	-0.242948367869273	-0.214422082068006	-0.348429619969701	-0.455726961177242	-0.441667505024146	-0.317382881262483	-0.481357614776183	-0.377753607166265	-0.426325976642662	-0.432102470095842
bm_700024745	-0.344189480969844	-0.267378075958908	-0.304887849337388	-0.244393246213815	-0.401236246246715	-0.499276756773203	-0.296390473480215	-0.507789519332943	-0.216122900537228	-0.275833455477	-0.188807901409432	-0.393772260754565	-0.244308236604001	-0.308190431757319	-0.312274998356208	-0.244843131703984	0	-0.309739024064297	-0.237886233281451	-0.281952340889801	-0.22053568988289	-0.325965701237663	-0.468152470803048	-0.375548483164769	-0.410183765871222	-0.273773075787032	-0.422121822618162	-0.316994954343759	-0.429069513713071	-0.388622029842936	-0.305723833282497	-0.231745836836756	-0.546706200685093	-0.356270616477072	-0.327648315344455	-0.557599884845403	-0.525960825395245	-0.389881994492461	-0.556282953222819	-0.390741302000878	-0.486917116552118	-0.292255826447857	-0.448544445791141	-0.554912664781216	-0.30259161478629	-0.388228458039435	-0.421273986853109	-0.407698028501695	-0.492978329502669	-0.320018497954228	-0.313362074981335	-0.357457652170433	-0.423803317611601	-0.486504829989297	-0.461957929105717	-0.389040379887621	-0.530743239827978	-0.457363579664368	-0.474256934568429	-0.486318209775877
bm_700014787	-0.261445233963276	-0.274045557742503	-0.283600671623621	-0.322419585875384	-0.386168766281849	-0.503919600078585	-0.273991097686985	-0.488877843138186	-0.253617288822995	-0.22811131197906	-0.288528754584853	-0.398139095594298	-0.23208672854464	-0.243064733568231	-0.291713121260879	-0.186740141011624	-0.309739024064297	0	-0.272812907406945	-0.261627027873367	-0.260335682361958	-0.293829324953172	-0.408200302635069	-0.328985419141475	-0.311083465799714	-0.250604064447231	-0.389312809397669	-0.340678844452036	-0.425267352115093	-0.30843664908162	-0.310507770013587	-0.311354158105615	-0.57768458852262	-0.366548198516389	-0.29464777628829	-0.592483265746545	-0.553001460744299	-0.397950548453867	-0.551225878103677	-0.280241606538121	-0.462204686524811	-0.254900055279468	-0.415678314775067	-0.586760920848407	-0.230777470890329	-0.390025075778324	-0.381999931325871	-0.409049652223184	-0.521693024749677	-0.288984102347585	-0.272762505573315	-0.210940621397666	-0.372751660946446	-0.503703490574634	-0.49313165080095	-0.379437008978415	-0.54143171674152	-0.41766168420953	-0.461103849920186	-0.492319666542362
bm_700114172	-0.255537508354393	-0.124726509469452	-0.277887784127168	-0.172996327719636	-0.449664016795474	-0.397729994639981	-0.299355515443607	-0.396020447598035	-0.185609450105708	-0.281528497982457	-0.16515398142811	-0.279494041176673	-0.20444386718	-0.267402385144081	-0.293287712704231	-0.2318548568856	-0.237886233281451	-0.272812907406945	0	-0.275422397816563	-0.195798977574081	-0.314434289795755	-0.357999637116991	-0.326846596804395	-0.379075894779174	-0.139431947081562	-0.306170557191719	-0.245646354610496	-0.394434304968901	-0.31422374386068	-0.323283028384435	-0.27524504497263	-0.622696855380476	-0.352912188106967	-0.391529475349119	-0.639707034078117	-0.59828000024589	-0.4549394766582	-0.579495968982499	-0.41009879121572	-0.571610600811134	-0.315897864278974	-0.501966918555534	-0.627282339403185	-0.304404386505016	-0.395741006102007	-0.429131542484764	-0.431535313221783	-0.552457387715076	-0.372866966391874	-0.318638892283813	-0.354336186162513	-0.484807257877248	-0.550946447244666	-0.533286665752898	-0.386858993734149	-0.592095817183866	-0.50260819906286	-0.539655981315514	-0.544627587167177
bm_700038535	-0.335382857850159	-0.270722009560282	-0.353259761457684	-0.335554473424923	-0.421679993649061	-0.586044771850502	-0.266408898167381	-0.557380318562623	-0.306274570324754	-0.219847769352802	-0.220485312772701	-0.450085619919053	-0.271795979383678	-0.327095500309982	-0.124801867701362	-0.154639032833759	-0.281952340889801	-0.261627027873367	-0.275422397816563	0	-0.286861054768001	-0.169853238462311	-0.518598560940825	-0.383404051401675	-0.409575619634464	-0.303587934219445	-0.474384743077175	-0.390294305040766	-0.470594550782951	-0.408904388637962	-0.304632204503128	-0.281657758983442	-0.510966473193608	-0.304852212752496	-0.333179266359882	-0.584683845048957	-0.458527386205451	-0.337476548755122	-0.461252823609207	-0.267289960568184	-0.47547709268598	-0.225217721101749	-0.395281546122	-0.495503710756528	-0.180409226531218	-0.338192822949185	-0.321096833628161	-0.361334577115701	-0.482402494674883	-0.304295913394258	-0.289700592768219	-0.226883021170595	-0.334697051628694	-0.426255722674497	-0.415661179699426	-0.307256332909325	-0.473253035981342	-0.324884184569021	-0.433488390115547	-0.41730462475906
bm_700106343	-0.386853427586667	-0.268876921928646	-0.349906044834751	-0.246264110153104	-0.48914647900651	-0.48946293918555	-0.332493904842354	-0.430826105673353	-0.219675106472237	-0.30935380101786	-0.154459752732812	-0.322560033703132	-0.233229018317161	-0.309222856026935	-0.26269108218692	-0.24264375417561	-0.22053568988289	-0.260335682361958	-0.195798977574081	-0.286861054768001	0	-0.378916048059203	-0.446654533581898	-0.436550313078572	-0.435439175379749	-0.175581589651472	-0.403520011647287	-0.357369174707506	-0.516966248694228	-0.406145271569604	-0.345566853583807	-0.323826933157989	-0.635154427494903	-0.411003525326342	-0.383993953512018	-0.658945080667408	-0.618756954803695	-0.460131370426308	-0.623777405102753	-0.399944644396617	-0.547452661534436	-0.340598833659175	-0.494760121868362	-0.647543700863747	-0.302768085760764	-0.446717794959654	-0.460609188597472	-0.463399508698105	-0.583404503436554	-0.352207912900629	-0.362954591965127	-0.352998926670842	-0.473140233992579	-0.575944433390294	-0.551867330622139	-0.442676014394308	-0.603590275376377	-0.501546159661399	-0.522946069728948	-0.55075502262437
bm_700105158	-0.361242579408628	-0.321359661591978	-0.268840666898337	-0.348537923623369	-0.472321800359915	-0.593317658168377	-0.307784329750057	-0.590228437966333	-0.355633067499644	-0.278378422133154	-0.336728147510843	-0.475588790661532	-0.328792228473582	-0.385272003770525	-0.251845128790656	-0.204284246602839	-0.325965701237663	-0.293829324953172	-0.314434289795755	-0.169853238462311	-0.378916048059203	0	-0.53632594355093	-0.413569486732946	-0.343070964227164	-0.363070498924494	-0.494820572087204	-0.401760280011904	-0.516721585570059	-0.427397233843624	-0.343280490037512	-0.296164298196218	-0.469952416832186	-0.353388687951487	-0.301126388150841	-0.536500792461216	-0.456762578279361	-0.367353469222171	-0.488180460998086	-0.246882327999502	-0.458606723296888	-0.210400250889964	-0.410903993445387	-0.447321729373285	-0.148639273920971	-0.360988439163138	-0.36294444028888	-0.401002457896637	-0.435943489513381	-0.334243971219476	-0.270744410858856	-0.194472459589168	-0.297961173416469	-0.375244249482257	-0.422725180832535	-0.353814811947084	-0.448534104719167	-0.293521034912814	-0.420731592849678	-0.403525753966793
bm_700110595	-0.333620102800802	-0.375789309935436	-0.447855467259956	-0.3650794587655	-0.460193927968787	-0.213805222242961	-0.517803179937861	-0.210951396100055	-0.363414549696834	-0.496406872482937	-0.436382958136008	-0.269086407139507	-0.393120603039358	-0.322784658553723	-0.515064961738691	-0.477045388669649	-0.468152470803048	-0.408200302635069	-0.357999637116991	-0.518598560940825	-0.446654533581898	-0.53632594355093	0	-0.356037681755512	-0.358041673497289	-0.374149627258628	-0.247874940540197	-0.308318302942713	-0.399605110215835	-0.227598024808494	-0.548954183960331	-0.516432088593197	-0.730268764275417	-0.583032048656805	-0.593959553213901	-0.760470234651432	-0.723046748737603	-0.64903831605196	-0.678459563830091	-0.58678666878425	-0.691681469386922	-0.552531887226088	-0.648833779023423	-0.748973974099538	-0.526855066379145	-0.588187853713378	-0.615471409723878	-0.570483692158407	-0.685962732825958	-0.585684880643142	-0.495917407543892	-0.545244858230874	-0.644176641090354	-0.669783250178762	-0.66943661471722	-0.598747248108996	-0.723342686804965	-0.661479007402554	-0.682187939550687	-0.679212502352165
bm_700102856	-0.140693602249386	-0.324531633232571	-0.318398962023783	-0.328191220476472	-0.330365359323839	-0.365712210337261	-0.345659819339122	-0.383098425172283	-0.339014915897085	-0.342729087022957	-0.385913337688364	-0.319186473626921	-0.376124459812757	-0.254264763814628	-0.415580284926339	-0.344905093929886	-0.375548483164769	-0.328985419141475	-0.326846596804395	-0.383404051401675	-0.436550313078572	-0.413569486732946	-0.356037681755512	0	-0.243222782046279	-0.391546728964096	-0.277354166051794	-0.183744529014745	-0.201405737080531	-0.268967051297405	-0.38382388328179	-0.363927161300598	-0.563784970478945	-0.434420694625576	-0.421245279084513	-0.570789807635735	-0.539264385953118	-0.505572635619269	-0.502320462081476	-0.408026348807526	-0.521451501423786	-0.386587147987369	-0.471836946027805	-0.582032869314354	-0.397142880034208	-0.439162335209249	-0.460880493318914	-0.388124375436396	-0.545917555068425	-0.418240252541056	-0.312941733416694	-0.402280128549698	-0.490185103618361	-0.502754416291428	-0.482970452880626	-0.45176079275263	-0.544857176964862	-0.509570119785793	-0.515513069940689	-0.51776772877206
bm_700107938	-0.228358531707392	-0.404158679795029	-0.23003767839975	-0.318468719321644	-0.353077773110828	-0.369547728648408	-0.394714163796586	-0.382016577960377	-0.340226662528162	-0.375884866074315	-0.438827482664011	-0.352561444787681	-0.36492433583131	-0.293135146479678	-0.42542166750013	-0.317202845977898	-0.410183765871222	-0.311083465799714	-0.379075894779174	-0.409575619634464	-0.435439175379749	-0.343070964227164	-0.358041673497289	-0.243222782046279	0	-0.407545319277293	-0.271894572047156	-0.270631148789646	-0.337056651036944	-0.260596795510289	-0.411212561374071	-0.415194337970333	-0.543391691354982	-0.462424371174497	-0.379700479994169	-0.562565828892193	-0.570506606013128	-0.526528900829979	-0.55686810848538	-0.357830111829019	-0.504130833423586	-0.37271951168996	-0.4840495954613	-0.578173319411217	-0.306511811694842	-0.482210852486369	-0.476029549029731	-0.428144214180298	-0.529836102064097	-0.425615237778152	-0.302133416206209	-0.351139445110811	-0.439378329418791	-0.475636385819556	-0.519983777345571	-0.483035809060126	-0.530073940836504	-0.47902379491923	-0.500526413558739	-0.498559162731393
bm_700114223	-0.319934511937846	-0.184099091658435	-0.330614262762746	-0.247463577426768	-0.43410683408461	-0.411593660848414	-0.361479667560121	-0.376501359343503	-0.193151466198091	-0.317389457700081	-0.183081902844516	-0.299091703465233	-0.217335083260042	-0.278423522519751	-0.314785629501829	-0.258241074264623	-0.273773075787032	-0.250604064447231	-0.139431947081562	-0.303587934219445	-0.175581589651472	-0.363070498924494	-0.374149627258628	-0.391546728964096	-0.407545319277293	0	-0.347725945273093	-0.310139602062961	-0.460200196953189	-0.351692058931338	-0.37029174553202	-0.340426035482342	-0.670449099721375	-0.406911579712971	-0.418861111276763	-0.698477527033824	-0.661136870441626	-0.481048920402016	-0.631721063233303	-0.417428778506845	-0.593128734427683	-0.338529560904995	-0.530339979416531	-0.675874681389987	-0.324442176994146	-0.463454106777738	-0.47194749394872	-0.49753011225839	-0.607127453034275	-0.396667711914334	-0.392240368793641	-0.377180096741663	-0.50127655457691	-0.603028683620799	-0.596704864644098	-0.447322183688594	-0.643095433975502	-0.528715107218529	-0.565900445784355	-0.586686732447706
bm_700023545	-0.288853783673116	-0.341221062068101	-0.374703849676433	-0.295022421602551	-0.428359759231217	-0.2457149710368	-0.460112606244626	-0.270641543052063	-0.333276959567338	-0.448652370249553	-0.384568023148586	-0.266306476791599	-0.377444560477527	-0.308566729247207	-0.482305951752605	-0.404535337426762	-0.422121822618162	-0.389312809397669	-0.306170557191719	-0.474384743077175	-0.403520011647287	-0.494820572087204	-0.247874940540197	-0.277354166051794	-0.271894572047156	-0.347725945273093	0	-0.259594579870844	-0.312379583521076	-0.241478544484125	-0.462959552765061	-0.468551882500151	-0.654816725107444	-0.521622495135703	-0.51937173079971	-0.687618862943985	-0.645987252266544	-0.579972835633214	-0.6193983165556	-0.518701172265739	-0.610567191474811	-0.477441423136059	-0.56071669522357	-0.687529100946399	-0.463400095089926	-0.534929749270731	-0.537757737241598	-0.490059550674111	-0.631429087883355	-0.502056567827035	-0.429050542419275	-0.491046104996376	-0.575744170366476	-0.59663562134879	-0.595479811195366	-0.532011191142505	-0.641091753121152	-0.598953799396282	-0.603658541182247	-0.599909494498407
bm_700098275	-0.184321005789724	-0.294557843963851	-0.300675782053398	-0.254727483610111	-0.354697333413689	-0.337462667806995	-0.338002135781838	-0.331030399294807	-0.240186703666806	-0.348209080938852	-0.330393873027654	-0.23158236141348	-0.342262038110253	-0.217109927227756	-0.393507097140325	-0.332947950103173	-0.316994954343759	-0.340678844452036	-0.245646354610496	-0.390294305040766	-0.357369174707506	-0.401760280011904	-0.308318302942713	-0.183744529014745	-0.270631148789646	-0.310139602062961	-0.259594579870844	0	-0.275671040783765	-0.269939200066395	-0.36252441935693	-0.340326704269055	-0.572991800531724	-0.414719938032745	-0.423108312312829	-0.58781766464972	-0.553991366910812	-0.49747084539025	-0.512322531941249	-0.436229834885572	-0.534449461353576	-0.384669270325063	-0.472678117288397	-0.594997789733726	-0.388785731875969	-0.424948838977374	-0.450586725603939	-0.370559450885093	-0.549051564758797	-0.409967431941202	-0.315517506347046	-0.401991084443823	-0.497064949828001	-0.507270326931774	-0.487699158112491	-0.433213925109647	-0.556521749988524	-0.516921240953201	-0.514564554965621	-0.512708552506784
bm_700101084	-0.242752081520823	-0.402300615656905	-0.397823478458159	-0.407383249280296	-0.3446637701591	-0.369814264729937	-0.461242314629552	-0.414405356381144	-0.406329967426311	-0.46046873447475	-0.471962968432203	-0.405363951748034	-0.440118313569406	-0.347451987351441	-0.512148565634737	-0.446681931677191	-0.429069513713071	-0.425267352115093	-0.394434304968901	-0.470594550782951	-0.516966248694228	-0.516721585570059	-0.399605110215835	-0.201405737080531	-0.337056651036944	-0.460200196953189	-0.312379583521076	-0.275671040783765	0	-0.303549372715609	-0.479069579711937	-0.465439624811624	-0.623388080578617	-0.5146981824368	-0.523279681480738	-0.63775662790042	-0.607406423920076	-0.581924574397066	-0.549851315920094	-0.507869426726364	-0.585051851683763	-0.486512654124813	-0.539141481004961	-0.65084226003919	-0.497803083016998	-0.524195237410589	-0.545687952645209	-0.46593568914969	-0.629765526416665	-0.502511416811749	-0.440787798716849	-0.499210601446385	-0.570375071326178	-0.575926380411187	-0.561928542842374	-0.524104933737123	-0.602573758856732	-0.597645699918138	-0.584929216633937	-0.586427233634814
bm_700096275	-0.224954957561851	-0.31265778862751	-0.322708924615389	-0.295460792603851	-0.379560597343375	-0.325061764230474	-0.410664398433088	-0.32638717028151	-0.306991755065485	-0.384093032468302	-0.388671683523358	-0.293886016742584	-0.307665687830828	-0.227561022739035	-0.429224538366214	-0.361663019660231	-0.388622029842936	-0.30843664908162	-0.31422374386068	-0.408904388637962	-0.406145271569604	-0.427397233843624	-0.227598024808494	-0.268967051297405	-0.260596795510289	-0.351692058931338	-0.241478544484125	-0.269939200066395	-0.303549372715609	0	-0.4314812545719	-0.397324140613657	-0.648739300014014	-0.472529198228275	-0.47680129930349	-0.663135074028668	-0.628695966409452	-0.547293628214797	-0.589937402713081	-0.470397205145987	-0.59666141868427	-0.436887659918719	-0.547585291575688	-0.666604841058065	-0.418061374985475	-0.475718433307585	-0.508129456102099	-0.473902190206939	-0.589222067818172	-0.463973440491591	-0.385968952120011	-0.432124929609819	-0.53405266840972	-0.583209741125815	-0.575821106304664	-0.487741028514893	-0.634872471997535	-0.559298809201201	-0.587769221387794	-0.593662759155759
td_700111302	-0.345082975406438	-0.32394394011829	-0.268348121484776	-0.308373239739557	-0.454122026986384	-0.594853538169609	-0.155278878421704	-0.592175345549977	-0.327456991708329	-0.224343256085597	-0.265718091782408	-0.483188419456209	-0.35136345005877	-0.289394100827941	-0.305161381510291	-0.273648256312151	-0.305723833282497	-0.310507770013587	-0.323283028384435	-0.304632204503128	-0.345566853583807	-0.343280490037512	-0.548954183960331	-0.38382388328179	-0.411212561374071	-0.37029174553202	-0.462959552765061	-0.36252441935693	-0.479069579711937	-0.4314812545719	0	-0.146979195478265	-0.395422756936043	-0.146428540126106	-0.221634755960603	-0.375025748845212	-0.336109270456984	-0.22063943422564	-0.339295410011641	-0.27027570555373	-0.323615429802095	-0.223235255983304	-0.227871926636963	-0.403740564744347	-0.262356526815193	-0.170277358405148	-0.174043602837609	-0.177127149213577	-0.337058240558495	-0.113672063776737	-0.209821977068977	-0.290385589786146	-0.313128165973573	-0.296570155609453	-0.263262683533334	-0.163156118211356	-0.32666145081289	-0.287926119125098	-0.288565558006676	-0.262374593639569
td_700021683	-0.323534299913698	-0.265044977251822	-0.261302692247504	-0.288385291951046	-0.469292601862933	-0.56465601739191	-0.192729244111078	-0.573458372247292	-0.293081771098947	-0.230059306873373	-0.262116069068855	-0.45940991256685	-0.297322518829212	-0.296083459967212	-0.314821620588843	-0.257355424534201	-0.231745836836756	-0.311354158105615	-0.27524504497263	-0.281657758983442	-0.323826933157989	-0.296164298196218	-0.516432088593197	-0.363927161300598	-0.415194337970333	-0.340426035482342	-0.468551882500151	-0.340326704269055	-0.465439624811624	-0.397324140613657	-0.146979195478265	0	-0.451320889313795	-0.21042673695363	-0.206636984463801	-0.419794544202646	-0.38387935386145	-0.260671692668119	-0.424638666045307	-0.300387688699665	-0.39725633045875	-0.185514168584291	-0.319324437138204	-0.440801463052987	-0.251019504233188	-0.241465692829513	-0.291417635914032	-0.261893625593973	-0.38118676092567	-0.184809202201082	-0.217567378359375	-0.294197129096046	-0.320146178239208	-0.341000429456571	-0.306479081160575	-0.24819125517642	-0.407662346099924	-0.347368134240559	-0.360760789849751	-0.350186786189
td_700037690	-0.565986442865624	-0.619842211198835	-0.485333807827028	-0.600658620231148	-0.604737281140997	-0.751191819844254	-0.37753293201949	-0.757627439283711	-0.593658500727722	-0.462479881648294	-0.58137354060115	-0.677746620907037	-0.640943161085803	-0.550367060538523	-0.506734143510419	-0.52224868119138	-0.546706200685093	-0.57768458852262	-0.622696855380476	-0.510966473193608	-0.635154427494903	-0.469952416832186	-0.730268764275417	-0.563784970478945	-0.543391691354982	-0.670449099721375	-0.654816725107444	-0.572991800531724	-0.623388080578617	-0.648739300014014	-0.395422756936043	-0.451320889313795	0	-0.359913332240245	-0.330645570238678	-0.214492629728831	-0.234104895838239	-0.233744840538829	-0.304224775022066	-0.389704782749947	-0.183500188616261	-0.403289201572158	-0.239442494830188	-0.121329632571752	-0.442660202713247	-0.325584731022845	-0.270193190483269	-0.319847643402143	-0.135127716315152	-0.376781601462066	-0.438498968275094	-0.428560867775499	-0.282016096795128	-0.200081593886966	-0.221737417589609	-0.299719374271258	-0.173216837465292	-0.203499847318407	-0.168419632338426	-0.171158928982686
td_700111162	-0.387320909584815	-0.340455741533309	-0.340558618590483	-0.375594935378579	-0.472120955844581	-0.626208240313918	-0.166121517254168	-0.621750969198458	-0.413438220263852	-0.194747119334946	-0.327991010467889	-0.535782424616217	-0.376568200476248	-0.358995869121967	-0.302987150983968	-0.291881620083537	-0.356270616477072	-0.366548198516389	-0.352912188106967	-0.304852212752496	-0.411003525326342	-0.353388687951487	-0.583032048656805	-0.434420694625576	-0.462424371174497	-0.406911579712971	-0.521622495135703	-0.414719938032745	-0.5146981824368	-0.472529198228275	-0.146428540126106	-0.21042673695363	-0.359913332240245	0	-0.305799364253153	-0.37912719175543	-0.291812927895461	-0.187840299228723	-0.234477484006215	-0.300174926841957	-0.300414796867206	-0.264516440290831	-0.211804561603352	-0.359472580803796	-0.302885060473984	-0.0918338567413896	-0.130316658723495	-0.134673317405113	-0.311314064827702	-0.168087771192097	-0.265523108854725	-0.334049210004163	-0.357538125395271	-0.25776502888642	-0.217805545643634	-0.0875233671630282	-0.292887419366273	-0.273031979206161	-0.263026298586751	-0.234210689272969
