bm_700098550	bm_700105215	bm_700107881	bm_700111304	bm_700033225	bm_700101232	bm_700038348	bm_700021685	bm_700105839	bm_700024343	bm_700103610	bm_700106935	bm_700113555	bm_700014977	bm_700024502	bm_700024400	bm_700024745	bm_700014787	bm_700114172	bm_700038535	bm_700106343	bm_700105158	bm_700110595	bm_700102856	bm_700107938	bm_700114223	bm_700023545	bm_700098275	bm_700101084	bm_700096275	td_700111302	td_700021683	td_700037690	td_700111162	td_700023227	td_700110760	td_700113058	td_700106987	td_700095359	td_700111991	td_700038533	td_700114709	td_700102911	td_700106554	td_700107936	td_700099294	td_700097694	td_700114434	td_700024790	td_700099809	td_700107381	td_700014785	td_700024089	td_700105156	td_700038959	td_700095219	td_700023439	td_700105623	td_700024500	td_700038744
bm_700098550	0	0.286363791868837	0.229287806558394	0.258863930482955	0.190911160736932	0.329284621382909	0.214644257187584	0.378748037283069	0.280153879366787	0.284780641683094	0.164973215033556	0.150367415890723	0.210635654854384	0.232990867983914	0.26113602232926	0.215807436087094	0.149510957593517	0.239801245049706	0.265220125118412	0.16444943062039	0.305345078373012	0.24023537267143	0.350375201875243	0.128232805655928	0.26942809584311	0.286518331864614	0.305851167366815	0.215038275192084	0.198217009544909	0.265447806180892	0.235739556458415	0.236944024669774	0.310298616100236	0.293841876091955	0.279391796639522	0.368752484731802	0.28914905087669	0.297170974321587	0.356844647194627	0.168257484867467	0.285072026255284	0.277555012109565	0.254972117917556	0.252862823929398	0.209131544208466	0.259401871231613	0.304538167250026	0.241253449132158	0.277182228608302	0.249759047372997	0.243044225571768	0.215818053338713	0.265565775643317	0.266284209669485	0.301565336796917	0.260817504780712	0.295892185348901	0.270498078867304	0.258638608809724	0.279933276472052
bm_700105215	0.286363791868837	0	0.28896855759918	0.298765921453573	0.371442188475091	0.289606772390899	0.289642163229626	0.187444038236262	0.36517918971495	0.229889450816762	0.306239286898194	0.293237872444339	0.225169492625139	0.251261978324291	0.276505083893983	0.217517993292256	0.360532372590031	0.275789009257064	0.271696648605542	0.348611558411989	0.271619968454966	0.14596125646915	0.153040603909272	0.310099247708738	0.303516551705426	0.229914224403871	0.134413225792371	0.289000409354035	0.357053453143119	0.246943116304913	0.28547076303828	0.159065304355315	0.364739163620105	0.246439386700359	0.303113096143932	0.421303161463624	0.283217546305963	0.289885180322222	0.342886500400506	0.354123091696483	0.334786717110409	0.189313854215698	0.303308925451558	0.318078702147162	0.201692389907948	0.310909697915598	0.292467531854704	0.259132900857284	0.320675210015135	0.264783638107439	0.244811408118894	0.250628482311069	0.299418292580783	0.296633033572929	0.342901836430622	0.365331370321479	0.341239646705054	0.315298161917806	0.329460395881922	0.286070047907399
bm_700107881	0.229287806558394	0.28896855759918	0	0.259293339326182	0.184802701972567	0.391029838016131	0.218301310522758	0.439683983404056	0.216315884470146	0.286432214157043	0.224658684852839	0.247168437978145	0.229928380739362	0.214460224826202	0.313696136618075	0.242249111395024	0.268903131735319	0.263951953397344	0.202099384553315	0.272830335139446	0.355670851043499	0.224344886082789	0.405311221137296	0.227131324785266	0.286481761331262	0.308290775849763	0.349360664498388	0.276339926646588	0.170298356567419	0.241891663923877	0.222670899410978	0.211186572243909	0.28006304288072	0.270752892906142	0.25152269083625	0.389906768733846	0.265529205109965	0.223515560761941	0.418842318477439	0.253747594897585	0.279567571138535	0.276486208779995	0.273446135733304	0.253841970467525	0.16611515942983	0.251618246100814	0.268526809150183	0.204121381139278	0.27146306906994	0.225202524074618	0.246104353427072	0.225609518719984	0.228263831624546	0.247321798279297	0.265804073957415	0.144166940945667	0.259043244065841	0.243577447541929	0.278971825353289	0.297380959964703
bm_700111304	0.258863930482955	0.298765921453573	0.259293339326182	0	0.339065469512562	0.326001531243622	0.143771743246543	0.395411223850594	0.245188910398654	0.202382511263134	0.259099869407805	0.274234171742303	0.229837544253295	0.190534838151796	0.283551399884626	0.214598249097239	0.210735928897446	0.210288824634855	0.332600742971674	0.217798760612828	0.32043219292254	0.205173668744109	0.368439865656376	0.265036092757029	0.17879333755664	0.327905558367161	0.329141878333375	0.186073233082884	0.30939732940731	0.196873337367889	0.117898680747502	0.214700882529548	0.149925030406629	0.160992925371338	0.153050041466266	0.228631896347312	0.130653539024888	0.160742830110997	0.228542239555869	0.17703323317726	0.155783393910652	0.200260240634109	0.178021817272381	0.215833389368828	0.181801558848476	0.156734227777797	0.196349552954722	0.194628378497942	0.129044435557412	0.145897552959441	0.132099844634218	0.214531006503656	0.150928950531865	0.147662376117318	0.1191975245288	0.216983591627471	0.143370647074298	0.158850599933701	0.154548253639063	0.194262673164425
bm_700033225	0.190911160736932	0.371442188475091	0.184802701972567	0.339065469512562	0	0.382645748321589	0.313312735865194	0.387084939192641	0.190307157089316	0.350561593625874	0.171163072726994	0.173181530229085	0.259207221618612	0.309082350942635	0.311484209197607	0.332216162524169	0.224189166392388	0.37746570922651	0.251777504875088	0.252951301026216	0.34714047921555	0.307439036331055	0.392828872318112	0.22655209472476	0.316024853806344	0.313782254325645	0.351994922594337	0.270310507422049	0.065998015753642	0.28774993305233	0.34056132229611	0.279267928703976	0.369994703171137	0.370577472315516	0.352732231734493	0.416401530299867	0.327676697610057	0.336312062259563	0.411116498383229	0.287270977034885	0.350079098524556	0.346945829602549	0.340177921543229	0.333437146460267	0.290885561363585	0.344739800655202	0.378897858500349	0.309205039183557	0.34956947044688	0.312409089783019	0.319595789433947	0.328647586285814	0.354987807856058	0.339657676213935	0.38007519373535	0.236771789254634	0.354656313666644	0.375579377522335	0.349667385100693	0.374338338777624
bm_700101232	0.329284621382909	0.289606772390899	0.391029838016131	0.326001531243622	0.382645748321589	0	0.387260713691654	0.199256320508873	0.386860797214033	0.29979225577667	0.342277777974394	0.295331830402382	0.246291924872328	0.309490525282625	0.230108874016872	0.306965978786731	0.382461715960207	0.35377508178233	0.333841781716385	0.433213358390047	0.154432643565887	0.263146221968981	0.216948200788744	0.375903793544003	0.333727351337833	0.18155264328276	0.316469598679686	0.295258689335679	0.388229242978163	0.269662855073336	0.383436143719837	0.264691621926748	0.443190035827326	0.307945125324858	0.430266481218672	0.470665123626098	0.378750396672317	0.402164975574423	0.274606955243566	0.460919666335172	0.430347880147745	0.328995596199968	0.40595061562364	0.406153523099011	0.301377765351661	0.400907421104973	0.399719468618353	0.374701684721893	0.422222143575914	0.37665525901965	0.365094251702004	0.364057300127289	0.421305520852872	0.401228298042769	0.397624330965686	0.48440148783086	0.426492638115697	0.438119708332301	0.428253922189702	0.386800632788196
bm_700038348	0.214644257187584	0.289642163229626	0.218301310522758	0.143771743246543	0.313312735865194	0.387260713691654	0	0.402961269445791	0.256742839548554	0.168374274635268	0.264755325436457	0.282855380056319	0.212668268691966	0.199743534388688	0.267295207962467	0.209888908157234	0.187262365264128	0.148279356405801	0.323075888575483	0.194148242785872	0.334300682925218	0.21432102086054	0.38160761705225	0.235093083804326	0.171297557914158	0.284004402620338	0.310030825420532	0.138545696061118	0.312971804118786	0.22015343108283	0.0856293139957791	0.19515806138423	0.133477727955341	0.167613371602627	0.11902528911366	0.245586467487026	0.153228175354528	0.125960713809623	0.281288745595315	0.200065591021108	0.148186160530485	0.155101530417836	0.122651670388603	0.167288955580958	0.174921579799853	0.0893193987804317	0.128491158778639	0.142150842832824	0.128813215411059	0.118139338450849	0.135282660730443	0.169966862378005	0.102379797965499	0.0974073851242867	0.120941113183441	0.185783028205319	0.125361428940504	0.104063222194303	0.122236417880867	0.153289519474989
bm_700021685	0.378748037283069	0.187444038236262	0.439683983404056	0.395411223850594	0.387084939192641	0.199256320508873	0.402961269445791	0	0.386463240125661	0.320449888341904	0.363265725034418	0.305726119736645	0.282757465402506	0.333184691810678	0.259467934130571	0.319398780431697	0.409168822558592	0.397559447761352	0.347355183637164	0.450079452432943	0.188128261118327	0.28439370184634	0.0936075887395789	0.411449172267267	0.358886698589203	0.201233488699115	0.196599648215063	0.329827280910064	0.401199985371787	0.300310141716715	0.413184503059538	0.289322465986455	0.451526937736897	0.324027902137253	0.429847689627063	0.485631909323952	0.380646165933486	0.422572512879316	0.32282225423127	0.492005799378773	0.431465050956909	0.333481974855989	0.425874478132591	0.402948292804925	0.329125362608635	0.417690936524171	0.438263631076459	0.403357646839539	0.43666750424985	0.399761937624826	0.391140729310811	0.40331635752769	0.445853786288881	0.425604328063637	0.449583980690758	0.501793725676171	0.440239619572078	0.461651077002207	0.447897017378081	0.414602495997886
bm_700105839	0.280153879366787	0.36517918971495	0.216315884470146	0.245188910398654	0.190307157089316	0.386860797214033	0.256742839548554	0.386463240125661	0	0.267939321227307	0.249897071644034	0.220214775203291	0.244176732411048	0.261416789649831	0.288136872889084	0.295297619258279	0.234085624595217	0.24701153859312	0.21202533512175	0.2587542188829	0.341346998915861	0.313876629895585	0.390015300639276	0.273108743070769	0.186766893521943	0.321161244200326	0.321326401447721	0.184222292217437	0.179344254946165	0.280465318747589	0.278770097572542	0.32575379537253	0.303232245300981	0.286695286058251	0.275326568964358	0.354095958720126	0.242142938878842	0.296654268076166	0.351434567647819	0.263616920124057	0.28666461399802	0.265760425256318	0.288652399439881	0.332414351221043	0.271485483267801	0.265970410899435	0.33708830132232	0.348761379629269	0.283965472697737	0.262841860755925	0.252889956905755	0.327499743416419	0.290856068997979	0.30023110217689	0.300017577449901	0.200067950410357	0.294570927369741	0.30318741690526	0.296886667917143	0.324025542748004
bm_700024343	0.284780641683094	0.229889450816762	0.286432214157043	0.202382511263134	0.350561593625874	0.29979225577667	0.168374274635268	0.320449888341904	0.267939321227307	0	0.294888265223664	0.312688677408966	0.195165139551976	0.210005697925035	0.244294701873473	0.151275780751395	0.205114684012896	0.199000326775411	0.278048124462502	0.247214446068491	0.234622385649251	0.150241188565928	0.308798044538191	0.304823653349094	0.167540230535923	0.25865158545059	0.266918885377331	0.15856157475076	0.365316034291363	0.234228367644751	0.159653971972815	0.149783467051719	0.218869923331646	0.0941950766624552	0.197815913372664	0.27086614359007	0.183948603064611	0.16588747836735	0.218088965490393	0.249451147076068	0.182804299279089	0.117859750824901	0.15407283670549	0.270676212755566	0.166063252866363	0.204659321887936	0.165541827842445	0.224497066689317	0.176714715628712	0.145917607768053	0.176625058837269	0.245249074824491	0.16369442606087	0.185767692175204	0.19552730580162	0.222099927212842	0.201490662127202	0.180928584826532	0.181172781613751	0.16150137375439
bm_700103610	0.164973215033556	0.306239286898194	0.224658684852839	0.259099869407805	0.171163072726994	0.342277777974394	0.264755325436457	0.363265725034418	0.249897071644034	0.294888265223664	0	0.114787826023356	0.164233546504152	0.227965368884611	0.216170782031363	0.242961646948071	0.18846211469699	0.317557277123244	0.291506080735941	0.176994303254659	0.257831697686737	0.254766851052936	0.336476039812334	0.151331226398734	0.234270836651224	0.277085493649114	0.280383919818516	0.247477517969698	0.149837733004434	0.188840796671374	0.254270199616127	0.24701153859312	0.315795993049239	0.302529147304929	0.278254571021745	0.383803028747978	0.268813474943876	0.265543361445456	0.419545416473492	0.188748780490682	0.294608677597717	0.282080320688187	0.291729043019924	0.288480164024741	0.195926042584617	0.297248834166788	0.319744430956603	0.22947537800365	0.285701983184633	0.24876338511013	0.258906399489428	0.244814947202767	0.268890155094452	0.298508748025486	0.311788570410663	0.279937995250549	0.293211919162606	0.290250885655739	0.272490583087662	0.312599020617523
bm_700106935	0.150367415890723	0.293237872444339	0.247168437978145	0.274234171742303	0.173181530229085	0.295331830402382	0.282855380056319	0.305726119736645	0.220214775203291	0.312688677408966	0.114787826023356	0	0.178504312373699	0.221459353031874	0.226411711064474	0.247127148666296	0.189359862306043	0.304803598540482	0.255177384782175	0.199515853326208	0.263191050364703	0.243480712582741	0.29729956103563	0.184370933740092	0.246505449599317	0.243300219305231	0.277931334694701	0.2211833044898	0.161808094356695	0.215977312112986	0.297618078584178	0.249730734702015	0.357975974339283	0.305802799887221	0.330211861357569	0.404939617330658	0.297884689569258	0.320928844359349	0.386239098147054	0.238811481259961	0.343668637936384	0.299069102972005	0.31772833284376	0.292935870620531	0.224060579678344	0.309849152448397	0.361318049209781	0.287800659921173	0.328101387674786	0.282565175178753	0.283978449338604	0.295552433297117	0.335404877093516	0.305642361418323	0.358201296012514	0.329066377877423	0.334568473604923	0.348873450618573	0.333774539122803	0.358926808206428
bm_700113555	0.210635654854384	0.225169492625139	0.229928380739362	0.229837544253295	0.259207221618612	0.246291924872328	0.212668268691966	0.282757465402506	0.244176732411048	0.195165139551976	0.164233546504152	0.178504312373699	0	0.145708801819561	0.15599102016452	0.155976863829029	0.245414232071886	0.192138043146151	0.266344374095322	0.252981973086447	0.196318880894492	0.186289117199122	0.240655343957663	0.201032940612993	0.129701525463119	0.197410098421923	0.152114543629236	0.14668558896844	0.230817870486046	0.124381102707753	0.213694603015064	0.192444763748456	0.297209904244187	0.225814785584604	0.244764220333924	0.351718874052263	0.231864259617755	0.223948508689041	0.342703647733748	0.281381941470631	0.264135985758726	0.21314958409866	0.228583528867717	0.25148376091365	0.112912111570799	0.247348931255655	0.270104060862805	0.181651737631197	0.255479386605983	0.200779306268779	0.208447321326401	0.201070690840969	0.236588936587875	0.229981466997453	0.282943857153137	0.28640626087531	0.272117799586399	0.251341017864116	0.254133355039714	0.263796233706943
bm_700014977	0.232990867983914	0.251261978324291	0.214460224826202	0.190534838151796	0.309082350942635	0.309490525282625	0.199743534388688	0.333184691810678	0.261416789649831	0.210005697925035	0.227965368884611	0.221459353031874	0.145708801819561	0	0.220784567706803	0.133515478183317	0.25241925875068	0.157757023017022	0.259891444500677	0.255784927513664	0.239292796666655	0.17470687537824	0.301081662000974	0.170820961285962	0.212388681066019	0.207312455097873	0.220657160687384	0.221431040360892	0.268898412956822	0.153236433216897	0.222889142916465	0.194353509650492	0.227730609654385	0.213682806068821	0.210284105856358	0.325331464697048	0.209782735641052	0.218366193727092	0.322943762777567	0.268695505481451	0.24487393193398	0.216957638345738	0.242430784367159	0.184158588707727	0.141210626217297	0.210098893800351	0.255277658825236	0.138675462469785	0.234841808849361	0.222594219260402	0.194326376674134	0.168560666385899	0.202281057525449	0.212965551737277	0.23604627706072	0.307501560146141	0.212227062902497	0.215626942809584	0.256039741552502	0.285913148522373
bm_700024502	0.26113602232926	0.276505083893983	0.313696136618075	0.283551399884626	0.311484209197607	0.230108874016872	0.267295207962467	0.259467934130571	0.288136872889084	0.244294701873473	0.216170782031363	0.226411711064474	0.15599102016452	0.220784567706803	0	0.149434277442941	0.28095135293278	0.226858815327064	0.23591297156818	0.25909279124006	0.11658804001996	0.221484126618983	0.258530076904293	0.283722455605142	0.16676753055704	0.176279408312364	0.194555237431239	0.211639574979621	0.334963671304046	0.19492212245938	0.271832313487331	0.220585199315305	0.339199954699726	0.255613871793148	0.301703361067954	0.375239625470551	0.310625391511153	0.288126255637466	0.331062421181653	0.34765954485022	0.322648839121505	0.223667741368469	0.291180485019648	0.304650238239329	0.192808109692725	0.325900077505937	0.294075455627556	0.244293522178849	0.309311211699739	0.253594234596432	0.302933782561046	0.24340285273754	0.297503648205625	0.305845268893694	0.334161478959557	0.360115940387671	0.311691835451475	0.3188832538809	0.263927179810234	0.283563196830868
bm_700024400	0.215807436087094	0.217517993292256	0.242249111395024	0.214598249097239	0.332216162524169	0.306965978786731	0.209888908157234	0.319398780431697	0.295297619258279	0.151275780751395	0.242961646948071	0.247127148666296	0.155976863829029	0.133515478183317	0.149434277442941	0	0.263914203169368	0.202682153697694	0.22860358367633	0.238783168588979	0.206086752383278	0.147630524362464	0.284733453898124	0.237983335633738	0.178455944894105	0.217658376952542	0.163640160108154	0.213876275987198	0.323006286592653	0.186435399332529	0.204835096386949	0.166807640174264	0.261472235297171	0.162929983944356	0.232568537308432	0.323944143818931	0.241268785162273	0.236396646364122	0.300933020478319	0.25381011871267	0.230592548812814	0.157486872948069	0.20724757189354	0.220202978257048	0.125440468480329	0.265006600391423	0.220627668321778	0.179202691591255	0.220180564059188	0.185542370501972	0.231625961303657	0.194695621091524	0.215196354271733	0.248707939462791	0.264134806064102	0.266372686766304	0.238890520799786	0.229896528984507	0.240170489467097	0.215747271661258
bm_700024745	0.149510957593517	0.360532372590031	0.268903131735319	0.210735928897446	0.224189166392388	0.382461715960207	0.187262365264128	0.409168822558592	0.234085624595217	0.205114684012896	0.18846211469699	0.189359862306043	0.245414232071886	0.25241925875068	0.28095135293278	0.263914203169368	0	0.257743220589918	0.304726918389906	0.11053620659756	0.317848661695434	0.270675033060942	0.390169840635053	0.205147715462375	0.218759032036967	0.340794901831712	0.363815462729318	0.195041271616429	0.242076875979884	0.281863256877325	0.196860360727022	0.283854581403058	0.253502218415741	0.216724058810136	0.260796270277476	0.29717451340546	0.218160926862472	0.214770484512379	0.28041577157337	0.162773084559331	0.227400295159595	0.243637611967766	0.204555508761002	0.300396259424285	0.221809722335276	0.222700391776585	0.253552945284584	0.250156604461369	0.23460822931376	0.191712173386797	0.214300966051928	0.311567967515929	0.227080597916423	0.205450896980808	0.252908832019743	0.216138930276509	0.23074119033547	0.231923244348968	0.227705836067276	0.256076312085853
bm_700014787	0.239801245049706	0.275789009257064	0.263951953397344	0.210288824634855	0.37746570922651	0.35377508178233	0.148279356405801	0.397559447761352	0.24701153859312	0.199000326775411	0.317557277123244	0.304803598540482	0.192138043146151	0.157757023017022	0.226858815327064	0.202682153697694	0.257743220589918	0	0.286973693989574	0.223559209463038	0.289409763388649	0.242840138401773	0.36655589334145	0.220716145418597	0.144137448580061	0.269875200105701	0.268343956483425	0.156504187326069	0.359150950185035	0.207954208973465	0.163188337067067	0.222228513926885	0.216010343562465	0.199437993481008	0.148693429218912	0.2877192609921	0.204152053199509	0.171785951488598	0.317376783845734	0.237448933968953	0.219924570325725	0.157207285322122	0.186026045297914	0.258324810039673	0.168172546854521	0.196349552954722	0.214822391075846	0.203099765594678	0.226396375034359	0.177236140652631	0.171528778060511	0.146605369733991	0.149778748273222	0.18538075233845	0.216108258216278	0.260628753640833	0.202179603787763	0.162799037841064	0.187411006786783	0.221920613629956
bm_700114172	0.265220125118412	0.271696648605542	0.202099384553315	0.332600742971674	0.251777504875088	0.333841781716385	0.323075888575483	0.347355183637164	0.21202533512175	0.278048124462502	0.291506080735941	0.255177384782175	0.266344374095322	0.259891444500677	0.23591297156818	0.22860358367633	0.304726918389906	0.286973693989574	0	0.290751076176421	0.23664320254059	0.218768469593961	0.323460469022989	0.254775108915306	0.320623303451669	0.247424431711607	0.295820223976821	0.307900296929137	0.241512981949493	0.290932749148555	0.3423851301852	0.240430022284431	0.417618975152092	0.288425898072025	0.387528504371358	0.428507556533916	0.364933813233106	0.371551900075146	0.351905265802894	0.377453912280267	0.399697054420493	0.240284919845649	0.357163164743175	0.353501392629504	0.267850844130488	0.35272869265062	0.359338521630291	0.301805994500264	0.387317339033618	0.360340082366279	0.3308312010353	0.311938391627943	0.389894971787603	0.355092800677617	0.404192870633508	0.266212248297406	0.395445434994697	0.388379064195442	0.350906064456155	0.35056041393125
bm_700038535	0.16444943062039	0.348611558411989	0.272830335139446	0.217798760612828	0.252951301026216	0.433213358390047	0.194148242785872	0.450079452432943	0.2587542188829	0.247214446068491	0.176994303254659	0.199515853326208	0.252981973086447	0.255784927513664	0.25909279124006	0.238783168588979	0.11053620659756	0.223559209463038	0.290751076176421	0	0.323856846416737	0.286823872772294	0.390473022153485	0.193583169060857	0.217658376952542	0.321210791374545	0.322605190420408	0.247635597049348	0.266573234852426	0.243939613791574	0.199237445394885	0.29362127319722	0.271798102343227	0.270993550609489	0.232338496856704	0.329008572840834	0.253109380105866	0.227741226906003	0.359152129879659	0.1495782001871	0.241206261347188	0.204161490756503	0.229620480442433	0.32094300069484	0.231059707884017	0.261761260480112	0.274189343346581	0.251000086117708	0.247272251105079	0.197994047260926	0.228203667198709	0.293953947081259	0.227905204458774	0.24216181399283	0.263723092640239	0.211072141865357	0.239460313303298	0.230959433840956	0.233895693760713	0.260048343885702
bm_700106343	0.305345078373012	0.271619968454966	0.355670851043499	0.32043219292254	0.34714047921555	0.154432643565887	0.334300682925218	0.188128261118327	0.341346998915861	0.234622385649251	0.257831697686737	0.263191050364703	0.196318880894492	0.239292796666655	0.11658804001996	0.206086752383278	0.317848661695434	0.289409763388649	0.23664320254059	0.323856846416737	0	0.223002393600393	0.174994720866556	0.334087158198229	0.230564236141832	0.128911130064871	0.247541221479408	0.267145386745187	0.365143798876223	0.220777489539058	0.329921656480004	0.23792553059715	0.397239750518181	0.266484757755607	0.375810597668687	0.418483691311667	0.35245382380317	0.342197558739945	0.294858772858058	0.407433491766321	0.378265542181751	0.254803421586288	0.344451955166885	0.355064488006635	0.238482346459795	0.362714807644893	0.3533893216402	0.294986179877477	0.360647982663208	0.320460505593522	0.340267578334672	0.298675084967505	0.362730143675008	0.347024869142374	0.378481426297988	0.418436503526697	0.376311967883994	0.378388230422673	0.33013989998549	0.329869749916537
bm_700105158	0.24023537267143	0.14596125646915	0.224344886082789	0.205173668744109	0.307439036331055	0.263146221968981	0.21432102086054	0.28439370184634	0.313876629895585	0.150241188565928	0.254766851052936	0.243480712582741	0.186289117199122	0.17470687537824	0.221484126618983	0.147630524362464	0.270675033060942	0.242840138401773	0.218768469593961	0.286823872772294	0.223002393600393	0	0.238837434541695	0.262996400751701	0.258499404844062	0.192095574139678	0.248333976266904	0.213563656911772	0.300862238800864	0.189282002460843	0.185510518747117	0.0669783419863934	0.254959141276689	0.154795989510155	0.228063283538423	0.31123529363189	0.197786421007058	0.204701790894409	0.255117220356339	0.272700568730778	0.240453616176916	0.125117232153285	0.202567723319142	0.201553185942287	0.137599580972469	0.218138512664612	0.195756166558725	0.165653898831748	0.224537176306541	0.199836730264004	0.159439267551202	0.191101091571436	0.206887765033143	0.169445437354086	0.238871645685798	0.280183371732393	0.235267678608715	0.209639992591518	0.235337280591546	0.201124956793684
bm_700110595	0.350375201875243	0.153040603909272	0.405311221137296	0.368439865656376	0.392828872318112	0.216948200788744	0.38160761705225	0.0936075887395789	0.390015300639276	0.308798044538191	0.336476039812334	0.29729956103563	0.240655343957663	0.301081662000974	0.258530076904293	0.284733453898124	0.390169840635053	0.36655589334145	0.323460469022989	0.390473022153485	0.174994720866556	0.238837434541695	0	0.388241039924405	0.334963671304046	0.171982960490847	0.169116302553921	0.321948100514701	0.395628287661456	0.262596484274081	0.388796676092427	0.269610948509869	0.454255571402787	0.324248505031987	0.4104145800818	0.502672598171237	0.384181710722362	0.396844552819057	0.342208175991563	0.452859992662299	0.449083790170077	0.292356640560025	0.399639249383904	0.407578594205104	0.294778553623609	0.406017858217222	0.411209694258544	0.36532075306986	0.433228694420162	0.381628851555486	0.360377832594255	0.363583062888341	0.414588339662395	0.394402584946861	0.442556539814104	0.470464575539976	0.444041775346034	0.421837563128409	0.436153157393677	0.39676197419536
bm_700102856	0.128232805655928	0.310099247708738	0.227131324785266	0.265036092757029	0.22655209472476	0.375903793544003	0.235093083804326	0.411449172267267	0.273108743070769	0.304823653349094	0.151331226398734	0.184370933740092	0.201032940612993	0.170820961285962	0.283722455605142	0.237983335633738	0.205147715462375	0.220716145418597	0.254775108915306	0.193583169060857	0.334087158198229	0.262996400751701	0.388241039924405	0	0.28602875859555	0.275679297657008	0.286400362402189	0.267272793764606	0.205578304000227	0.240289638624146	0.280173934175399	0.264379002851322	0.302036034951992	0.321557621594074	0.261538298196129	0.411481024022122	0.288068450600877	0.28951003743171	0.399561389538704	0.217271437115788	0.330620035697559	0.260173391515872	0.293222536414224	0.263366824863716	0.205993556507962	0.246918342717804	0.316778678671239	0.196328318451486	0.316907265385282	0.304572378394129	0.243740245400076	0.213623821337609	0.270756431990015	0.269363212638776	0.297927158575731	0.304574737783377	0.311593920797662	0.279451961065359	0.316238378533333	0.337556640088147
bm_700107938	0.26942809584311	0.303516551705426	0.286481761331262	0.17879333755664	0.316024853806344	0.333727351337833	0.171297557914158	0.358886698589203	0.186766893521943	0.167540230535923	0.234270836651224	0.246505449599317	0.129701525463119	0.212388681066019	0.16676753055704	0.178455944894105	0.218759032036967	0.144137448580061	0.320623303451669	0.217658376952542	0.230564236141832	0.258499404844062	0.334963671304046	0.28602875859555	0	0.280164496618405	0.233068727829114	0.118989898274933	0.317939498181501	0.202912194149422	0.166637764148373	0.25567285652436	0.234776925645028	0.17632541640271	0.174958150333205	0.260237095025582	0.179588451733384	0.186567525130445	0.301542922599056	0.209662406789379	0.196349552954722	0.193912303861023	0.172336868878122	0.27051341489742	0.142953035177314	0.226313796410661	0.229195790377703	0.247498752472935	0.178512570236069	0.150740199391985	0.203840613818707	0.219866765289137	0.182276975782049	0.212478337857462	0.227058183718563	0.245170035284666	0.19937193058205	0.194388900489219	0.16528229502511	0.220269041156006
bm_700114223	0.286518331864614	0.229914224403871	0.308290775849763	0.327905558367161	0.313782254325645	0.18155264328276	0.284004402620338	0.201233488699115	0.321161244200326	0.25865158545059	0.277085493649114	0.243300219305231	0.197410098421923	0.207312455097873	0.176279408312364	0.217658376952542	0.340794901831712	0.269875200105701	0.247424431711607	0.321210791374545	0.128911130064871	0.192095574139678	0.171982960490847	0.275679297657008	0.280164496618405	0	0.227268169361679	0.244965948114671	0.331181570338702	0.23312299378183	0.325031822262489	0.202151291116782	0.375598252636323	0.263296043186261	0.331353805753843	0.4569075249181	0.334405675746776	0.311682397894481	0.288784525237797	0.413394488702654	0.385684641673656	0.208152397670339	0.347477871878086	0.317459362469431	0.241279402413891	0.306914072223264	0.306297091934782	0.26299876014095	0.364976282239579	0.307933328378616	0.310696173188608	0.286341377670976	0.334746607493184	0.319425913408055	0.361811161562718	0.421698359162747	0.358313367001818	0.34425612585926	0.3629389496235	0.330696715848136
bm_700023545	0.305851167366815	0.134413225792371	0.349360664498388	0.329141878333375	0.351994922594337	0.316469598679686	0.310030825420532	0.196599648215063	0.321326401447721	0.266918885377331	0.280383919818516	0.277931334694701	0.152114543629236	0.220657160687384	0.194555237431239	0.163640160108154	0.363815462729318	0.268343956483425	0.295820223976821	0.322605190420408	0.247541221479408	0.248333976266904	0.169116302553921	0.286400362402189	0.233068727829114	0.227268169361679	0	0.251888396169767	0.326715246491293	0.215090181755551	0.321176580230442	0.255799083849155	0.384424727814958	0.281762982834263	0.327982238517737	0.440887271920791	0.333624717905523	0.337293568186939	0.397698651727014	0.374398503203461	0.354611485270923	0.231781680994058	0.328019988745713	0.336629400113487	0.230964152619453	0.357768348085415	0.323808478937142	0.274611674022063	0.346936392045555	0.299444245862516	0.310011950306544	0.287594213361929	0.332677423122251	0.347162893413411	0.384253672094442	0.393574439320637	0.361021945859095	0.3482812439172	0.357132492682944	0.318189593441842
bm_700098275	0.215038275192084	0.289000409354035	0.276339926646588	0.186073233082884	0.270310507422049	0.295258689335679	0.138545696061118	0.329827280910064	0.184222292217437	0.15856157475076	0.247477517969698	0.2211833044898	0.14668558896844	0.221431040360892	0.211639574979621	0.213876275987198	0.195041271616429	0.156504187326069	0.307900296929137	0.247635597049348	0.267145386745187	0.213563656911772	0.321948100514701	0.267272793764606	0.118989898274933	0.244965948114671	0.251888396169767	0	0.273477987488159	0.210807890269525	0.154995357901654	0.194568214072105	0.212312000915443	0.176772520665301	0.182547125851002	0.264650332614899	0.177067444321363	0.172721449325628	0.25581441987927	0.233743513154185	0.185063414484527	0.172468994676038	0.136135579943776	0.242171251549824	0.180612426667233	0.175753264509949	0.199086444482981	0.210684022333979	0.178353311461795	0.13693895198289	0.137840238675816	0.222536414223814	0.160519867827014	0.162635060288294	0.204564946317996	0.233025079128017	0.185794825151561	0.18136389214288	0.165701086616718	0.191620157206106
bm_700101084	0.198217009544909	0.357053453143119	0.170298356567419	0.30939732940731	0.065998015753642	0.388229242978163	0.312971804118786	0.401199985371787	0.179344254946165	0.365316034291363	0.149837733004434	0.161808094356695	0.230817870486046	0.268898412956822	0.334963671304046	0.323006286592653	0.242076875979884	0.359150950185035	0.241512981949493	0.266573234852426	0.365143798876223	0.300862238800864	0.395628287661456	0.205578304000227	0.317939498181501	0.331181570338702	0.326715246491293	0.273477987488159	0	0.246148002128169	0.334647513144747	0.290733380757057	0.363181966716096	0.350540359122637	0.345773213146045	0.408680428984153	0.310902619747852	0.349039787560592	0.452824601823572	0.24817471749263	0.338582974411244	0.338521630290783	0.362782050238475	0.316804631952973	0.286517152169989	0.32313605300132	0.387966171076955	0.284748789928239	0.334763123217924	0.310798806620918	0.294677099885924	0.307091026416902	0.341229029453436	0.341447272958922	0.372769344927372	0.242659645124263	0.338061549387326	0.358703845922444	0.335370665949412	0.365543715353844
bm_700096275	0.265447806180892	0.246943116304913	0.241891663923877	0.196873337367889	0.28774993305233	0.269662855073336	0.22015343108283	0.300310141716715	0.280465318747589	0.234228367644751	0.188840796671374	0.215977312112986	0.124381102707753	0.153236433216897	0.19492212245938	0.186435399332529	0.281863256877325	0.207954208973465	0.290932749148555	0.243939613791574	0.220777489539058	0.189282002460843	0.262596484274081	0.240289638624146	0.202912194149422	0.23312299378183	0.215090181755551	0.210807890269525	0.246148002128169	0	0.201233488699115	0.19543293023168	0.252432235391547	0.231285029557249	0.223752679381415	0.296854816162288	0.188514021260456	0.211400096970898	0.374016282145204	0.276975782049059	0.240253068090794	0.209873572127119	0.243500767391353	0.237392308626989	0.141169336905449	0.238929450722386	0.283084240813423	0.152136957827097	0.22589146573518	0.209316756264473	0.198567378848311	0.187774352731052	0.208053303321902	0.239899159703519	0.249057129071568	0.292813182379609	0.234484361378214	0.229107313280884	0.243892426006604	0.266395100964164
td_700111302	0.235739556458415	0.28547076303828	0.222670899410978	0.117898680747502	0.34056132229611	0.383436143719837	0.0856293139957791	0.413184503059538	0.278770097572542	0.159653971972815	0.254270199616127	0.297618078584178	0.213694603015064	0.222889142916465	0.271832313487331	0.204835096386949	0.196860360727022	0.163188337067067	0.3423851301852	0.199237445394885	0.329921656480004	0.185510518747117	0.388796676092427	0.280173934175399	0.166637764148373	0.325031822262489	0.321176580230442	0.154995357901654	0.334647513144747	0.201233488699115	0	0.150440556957426	0.10158350409413	0.111783143815392	0.101551652339275	0.205910977884265	0.110799278498768	0.0886422540661124	0.273460292068795	0.14563919983673	0.103041606649703	0.149917952238883	0.0982956951763466	0.170891742963416	0.124187632789376	0.116763814518974	0.108235802080274	0.154131821436703	0.0779896116091389	0.0743443552202077	0.114734739765264	0.168171367159897	0.0807866675632346	0.0954962798330024	0.102391594911741	0.135811163922107	0.106203188242691	0.0674879700640692	0.076997488430145	0.100172589323528
td_700021683	0.236944024669774	0.159065304355315	0.211186572243909	0.214700882529548	0.279267928703976	0.264691621926748	0.19515806138423	0.289322465986455	0.32575379537253	0.149783467051719	0.24701153859312	0.249730734702015	0.192444763748456	0.194353509650492	0.220585199315305	0.166807640174264	0.283854581403058	0.222228513926885	0.240430022284431	0.29362127319722	0.23792553059715	0.0669783419863934	0.269610948509869	0.264379002851322	0.25567285652436	0.202151291116782	0.255799083849155	0.194568214072105	0.290733380757057	0.19543293023168	0.150440556957426	0	0.222005551642902	0.123670926543955	0.187505382356723	0.306889298636155	0.184974937387708	0.163006664094932	0.253430257043662	0.26159964231659	0.215597450443978	0.120556532735936	0.185266321959897	0.182491680203662	0.12491314498329	0.21287471525121	0.162410918309686	0.157032690517733	0.197994047260926	0.1581062126258	0.151351281207347	0.16271999830124	0.177846042773368	0.171540575006754	0.215383925716989	0.246913623939307	0.200296811167461	0.189929654809556	0.192224160853721	0.161654734055542
td_700037690	0.310298616100236	0.364739163620105	0.28006304288072	0.149925030406629	0.369994703171137	0.443190035827326	0.133477727955341	0.451526937736897	0.303232245300981	0.218869923331646	0.315795993049239	0.357975974339283	0.297209904244187	0.227730609654385	0.339199954699726	0.261472235297171	0.253502218415741	0.216010343562465	0.417618975152092	0.271798102343227	0.397239750518181	0.254959141276689	0.454255571402787	0.302036034951992	0.234776925645028	0.375598252636323	0.384424727814958	0.212312000915443	0.363181966716096	0.252432235391547	0.10158350409413	0.222005551642902	0	0.181198734895485	0.0767639088945436	0.143250318222625	0.112741055850283	0.0943095070410074	0.250696904599275	0.186218335521667	0.0809553638945023	0.23773677945727	0.114714684956652	0.11278470455138	0.21386565873558	0.0861011918454789	0.118277362721886	0.177846042773368	0.0779424238241689	0.125653993207318	0.132382971344038	0.157544677984657	0.0920409542785754	0.120109428473345	0.0801142416274123	0.194519846592511	0.0616885912912584	0.0888522397092289	0.115092187236412	0.132687332557094
td_700111162	0.293841876091955	0.246439386700359	0.270752892906142	0.160992925371338	0.370577472315516	0.307945125324858	0.167613371602627	0.324027902137253	0.286695286058251	0.0941950766624552	0.302529147304929	0.305802799887221	0.225814785584604	0.213682806068821	0.255613871793148	0.162929983944356	0.216724058810136	0.199437993481008	0.288425898072025	0.270993550609489	0.266484757755607	0.154795989510155	0.324248505031987	0.321557621594074	0.17632541640271	0.263296043186261	0.281762982834263	0.176772520665301	0.350540359122637	0.231285029557249	0.111783143815392	0.123670926543955	0.181198734895485	0	0.177861378803483	0.257751478452288	0.131335402517704	0.137038046331327	0.191372421335013	0.202108822110309	0.170366778855625	0.126878516227289	0.154998896985526	0.246854639208095	0.146118155854176	0.189999256792387	0.146875519802944	0.225628393833972	0.145069407333218	0.126352372424874	0.168790706837628	0.249117293497405	0.154210860976528	0.174047426083284	0.187270623126497	0.222280420490352	0.161813992829816	0.16661770933976	0.172477252538408	0.147211732770855
td_700023227	0.279391796639522	0.303113096143932	0.25152269083625	0.153050041466266	0.352732231734493	0.430266481218672	0.11902528911366	0.429847689627063	0.275326568964358	0.197815913372664	0.278254571021745	0.330211861357569	0.244764220333924	0.210284105856358	0.301703361067954	0.232568537308432	0.260796270277476	0.148693429218912	0.387528504371358	0.232338496856704	0.375810597668687	0.228063283538423	0.4104145800818	0.261538298196129	0.174958150333205	0.331353805753843	0.327982238517737	0.182547125851002	0.345773213146045	0.223752679381415	0.101551652339275	0.187505382356723	0.0767639088945436	0.177861378803483	0	0.210760702484555	0.143914486296077	0.108216926966286	0.292468711549328	0.167627527938118	0.10023983191711	0.166255543090116	0.109728115779949	0.137056921445315	0.157470357223329	0.117286419237516	0.116983237719084	0.157358286234025	0.0872631910503647	0.118692615229622	0.0985174777657056	0.105103712852891	0.0615116370976209	0.119478291849372	0.121173513024419	0.182969456526484	0.0960212439407935	0.0695370996263907	0.116374515292971	0.129920948663229
td_700110760	0.368752484731802	0.421303161463624	0.389906768733846	0.228631896347312	0.416401530299867	0.470665123626098	0.245586467487026	0.485631909323952	0.354095958720126	0.27086614359007	0.383803028747978	0.404939617330658	0.351718874052263	0.325331464697048	0.375239625470551	0.323944143818931	0.29717451340546	0.2877192609921	0.428507556533916	0.329008572840834	0.418483691311667	0.31123529363189	0.502672598171237	0.411481024022122	0.260237095025582	0.4569075249181	0.440887271920791	0.264650332614899	0.408680428984153	0.296854816162288	0.205910977884265	0.306889298636155	0.143250318222625	0.257751478452288	0.210760702484555	0	0.161856461836289	0.206050181849926	0.273599496034457	0.273081610094411	0.120005615346411	0.315915142206288	0.181785043123737	0.191902104221301	0.298999500989174	0.184657599533785	0.218667015856275	0.267696304134712	0.153261206804007	0.206326230392001	0.208489790332874	0.252125514789242	0.211039110415878	0.213114193259933	0.186607634747669	0.298696319470742	0.15339805138042	0.199467485846614	0.153234073827649	0.180644278422088
