bm_700098550	bm_700105215	bm_700107881	bm_700111304	bm_700033225	bm_700101232	bm_700038348	bm_700021685	bm_700105839	bm_700024343	bm_700103610	bm_700106935	bm_700113555	bm_700014977	bm_700024502	bm_700024400	bm_700024745	bm_700014787	bm_700114172	bm_700038535	bm_700106343	bm_700105158	bm_700110595	bm_700102856	bm_700107938	bm_700114223	bm_700023545	bm_700098275	bm_700101084	bm_700096275	td_700111302	td_700021683	td_700037690	td_700111162	td_700023227	td_700110760	td_700113058	td_700106987	td_700095359	td_700111991	td_700038533	td_700114709	td_700102911	td_700106554	td_700107936	td_700099294	td_700097694	td_700114434	td_700024790	td_700099809	td_700107381	td_700014785	td_700024089	td_700105156	td_700038959	td_700095219	td_700023439	td_700105623	td_700024500	td_700038744
bm_700098550	0	0.36193384980364	0.251917888535374	0.177718635753949	0.243237695490145	0.336677767593081	0.10396530754049	0.442306444553763	0.209647070759263	0.270052154299338	0.191872611855695	0.2572996554112	0.285844726234167	0.28533745754574	0.386057425174919	0.285422395558686	0.11633794475962	0.217208913300703	0.314472375680831	0.176738309521197	0.295146618346375	0.26249621023102	0.377179043432817	0.170824500369834	0.236728140553536	0.327604736237977	0.311031206461895	0.200285014221219	0.196340115397728	0.28939324766391	0.196436850356917	0.288160466781569	0.220008328644047	0.276788210603803	0.229408135410068	0.308636426374669	0.247916364369919	0.231326318869098	0.287005545744429	0.156525421829305	0.249442889213698	0.24091251738575	0.20988772846261	0.266964893467677	0.276149995812084	0.212107913745448	0.227589046299475	0.23972456489913	0.239331726589255	0.277148017464199	0.193636255318948	0.249734273785888	0.244051684780878	0.205176028133357	0.268053751605859	0.288606391349535	0.219160128209212	0.212803933573755	0.236601913228742	0.267364809945298
bm_700105215	0.36193384980364	0	0.316254894258072	0.390723117413826	0.343033962228538	0.206096189940272	0.388485236711625	0.163696785450118	0.358556384094413	0.257546211587668	0.280905344842434	0.242759919167324	0.209861775180877	0.19885286494738	0.169256686214207	0.244153138518563	0.366998278825543	0.298005018420932	0.281272229870576	0.332051005276774	0.254684272429239	0.169837095969337	0.06186672517952	0.305952621104501	0.300784378955664	0.183027261563072	0.176346650905946	0.273849591294797	0.372606547069226	0.219530552321226	0.297188669740951	0.182512914706899	0.372971072708119	0.266620422637396	0.316428309367837	0.419399134340085	0.308785067897324	0.318759385945354	0.393349117647406	0.358544587148171	0.357843848541367	0.199723479580076	0.351324856047763	0.340791362747839	0.218723641198239	0.344112203115102	0.305742635461384	0.271657718682942	0.338191315795993	0.263165097082969	0.254983914863798	0.265675487243372	0.422712896539602	0.325982656129634	0.32888234551604	0.351690561381281	0.35986584512733	0.335993544711016	0.358029060597374	0.351405075282212
bm_700107881	0.251917888535374	0.316254894258072	0	0.286329580724734	0.199226828143267	0.343348940693212	0.260146258539514	0.430444615106933	0.245433107185874	0.310019028474289	0.238747777750252	0.304238524815466	0.237393488321613	0.24190935934324	0.391508794033576	0.234448970539486	0.274092608387393	0.269980192927259	0.207838598900289	0.323885159087719	0.285238363197303	0.212367446562783	0.359956681613398	0.220469589242129	0.275954166504459	0.326138375820035	0.382328410467666	0.262187130239466	0.221046459913387	0.267803656345518	0.223042503217617	0.207180329299957	0.277583324780547	0.284469202302292	0.243893605701228	0.39195943738004	0.275722946358106	0.227896946596404	0.443320981930617	0.244031629972265	0.298422630317916	0.264309400868491	0.256151812541805	0.266579133325547	0.176207446940285	0.276057979631393	0.257946128065289	0.209877111210992	0.278975364437162	0.191659087128706	0.241349004396722	0.220856529078883	0.159983106772981	0.254726741435712	0.242696215657615	0.20178440608864	0.266311342645843	0.249319021278152	0.308982076899574	0.350808149802342
bm_700111304	0.177718635753949	0.390723117413826	0.286329580724734	0	0.269035257533235	0.394268099759696	0.160267413177425	0.486622852808322	0.235109599529066	0.277370979748182	0.221211617160782	0.28364695514919	0.296787573568706	0.274118561669126	0.394284615484436	0.283990246284847	0.15324823016314	0.248062646503326	0.310251428315266	0.192881250759428	0.278064640187241	0.306508257272522	0.417222597758344	0.195890651745889	0.208840159636277	0.367617618503274	0.341354077083606	0.286379127898952	0.223055479858484	0.272684053006039	0.194063304772926	0.297694758734754	0.235280655249582	0.243978543714174	0.231555179626202	0.295291720785158	0.207157915102097	0.228129346437381	0.289065292558368	0.12831656397425	0.239132358197757	0.273198399862212	0.265430110761528	0.295978303056471	0.263069541818405	0.249051230598447	0.261868612690919	0.265767503424064	0.220376393366813	0.269673472324954	0.201858726849968	0.266228764022145	0.250957617111235	0.244209763860527	0.273735160916245	0.282115711526914	0.229484815560644	0.23563810272073	0.242741044053336	0.316107432430041
bm_700033225	0.243237695490145	0.343033962228538	0.199226828143267	0.269035257533235	0	0.321515152587601	0.251702004419136	0.393779706185257	0.146546385002778	0.376192818726944	0.151403187770814	0.234983372204271	0.254326824958091	0.313502666699698	0.390527288106201	0.351880492215785	0.232201652280291	0.386607162869819	0.268149306870423	0.304158305581017	0.277617535924651	0.318292226874151	0.371977769834501	0.217819995116064	0.3287879699461	0.297596844080941	0.432854731224275	0.302490217382328	0.0944746642884023	0.254857687539004	0.341790564094578	0.303488239034444	0.373520810403019	0.368597944736026	0.344431900358273	0.40085669423613	0.315117668640296	0.33102821003755	0.327338125252897	0.2642563146104	0.345626931012638	0.330091532505896	0.379979638470785	0.330176470518842	0.2922776010202	0.352856099670039	0.383003195792737	0.307168886262102	0.341145271135114	0.294780913012857	0.298016815367174	0.32365511863599	0.262321615426631	0.362392751012473	0.340313586425018	0.284667390999166	0.338501575482171	0.366821324631906	0.358505657225571	0.396802083812584
bm_700101232	0.336677767593081	0.206096189940272	0.343348940693212	0.394268099759696	0.321515152587601	0	0.394592515781365	0.158120368961291	0.358033779375871	0.224313034327934	0.26541949350991	0.197267355372388	0.191230857980103	0.229729012347864	0.237399386794734	0.245138183529811	0.313448400746983	0.302189395253145	0.262822985641937	0.280100793108696	0.198206392293291	0.191084575846696	0.21162541864413	0.303905850931428	0.301094638641841	0.108950697022569	0.321240283740151	0.233384885988413	0.372393022342236	0.210139003417575	0.311442919885758	0.197354652774583	0.368031691316386	0.252762549886336	0.361661340345438	0.398269623925151	0.319887174006137	0.334837443979252	0.280991462550004	0.392594113087886	0.367053724472883	0.236906274441798	0.350655969195814	0.334832725200755	0.246978507143641	0.329036885511816	0.319961494767464	0.290288635883715	0.342890039484379	0.261679861551039	0.285666592345905	0.291898919045816	0.447704727154329	0.336700181790942	0.328196942939351	0.373022979271586	0.365432824059164	0.36298613740847	0.323184420480914	0.32318324078629
bm_700038348	0.10396530754049	0.388485236711625	0.260146258539514	0.160267413177425	0.251702004419136	0.394592515781365	0	0.492933039353433	0.228431348261189	0.262130504897502	0.208165374311206	0.287531689546844	0.282004820232235	0.286662254608772	0.426047893242355	0.281424410477104	0.139413951304565	0.215280112590055	0.340863324119918	0.210955352097556	0.349222640227351	0.278878629477973	0.418891865651657	0.159507689839408	0.227265809972431	0.371650994423584	0.315876212283688	0.185957623009708	0.188118823561333	0.2982515745974	0.171916897591889	0.268120994199442	0.183943884286114	0.263397496923946	0.177113452411709	0.265109233823732	0.218201036479697	0.200726220010688	0.308087868374393	0.139954251442472	0.204533094563141	0.232094300069484	0.183645421546179	0.217881339236525	0.265779300370306	0.160775861560476	0.182931706298508	0.19805893046526	0.174631374922288	0.238988435453598	0.158414112922729	0.226087295042805	0.191910362083671	0.190117226254812	0.223514381067317	0.239798885660458	0.164890636409859	0.152197122252934	0.196757727294712	0.252862823929398
bm_700021685	0.442306444553763	0.163696785450118	0.430444615106933	0.486622852808322	0.393779706185257	0.158120368961291	0.492933039353433	0	0.423196571335544	0.308452394013286	0.356497816975098	0.24018818488646	0.293974001889871	0.31004144267215	0.172906661381635	0.329846156024052	0.39479660295136	0.402835042120997	0.347417707452249	0.383181329680999	0.259039704981968	0.293752219300512	0.145650996782973	0.406115772871035	0.383483331504807	0.20041596032451	0.27179338356473	0.344461392723879	0.450645705852583	0.293185965880872	0.414082250668592	0.300128468744581	0.464659298294044	0.326574862831008	0.442322960278502	0.468833057874639	0.397535853868867	0.438283685885072	0.369823647450621	0.484257565086702	0.435536177105194	0.328206380496345	0.451127021259277	0.402343109462684	0.331599182235686	0.423762824755184	0.434437881410018	0.386994102706573	0.443582874137201	0.351467599097298	0.392397104085636	0.406403618359351	0.531638819975061	0.441408696944709	0.419834441656433	0.462631403234959	0.443374068188709	0.463358095123496	0.438892408311185	0.415375195976769
bm_700105839	0.209647070759263	0.358556384094413	0.245433107185874	0.235109599529066	0.146546385002778	0.358033779375871	0.228431348261189	0.423196571335544	0	0.299977467832677	0.224131361355799	0.211573512080663	0.267975891760659	0.37576694896759	0.38714864270235	0.330558691577098	0.196563077681711	0.283853401708434	0.248891971824174	0.278398493765904	0.296572869147093	0.355431373034776	0.368653390383365	0.226011794586853	0.227025152269084	0.351478216348916	0.351533661996256	0.228768740923724	0.105658169326288	0.330393534329703	0.302112715102569	0.360139534280156	0.3453331870512	0.318567095721601	0.303336058427915	0.378253745235508	0.280321396003431	0.314007575998877	0.286669332776517	0.218705945778876	0.330951529886973	0.288698407530227	0.333808750266906	0.375179461044714	0.30268486699533	0.305163405400878	0.353503752018752	0.378877803691736	0.314344968661412	0.316668967071184	0.275512960714989	0.358937425458046	0.22536414223814	0.339877099414046	0.380819581043251	0.268781623189021	0.321162423894951	0.330024289912313	0.301941659382052	0.401924317871076
bm_700024343	0.270052154299338	0.257546211587668	0.310019028474289	0.277370979748182	0.376192818726944	0.224313034327934	0.262130504897502	0.308452394013286	0.299977467832677	0	0.315458600386704	0.268635341055614	0.202441495994347	0.187280060683491	0.307729241208621	0.166184761412661	0.187731883724579	0.198181618706182	0.277322612268588	0.208565290788826	0.238203938528473	0.154753520503682	0.246045368695859	0.314111389125811	0.169283819190564	0.2552174943994	0.193563114252245	0.188163651957054	0.325586278735886	0.231572875045566	0.159532463426517	0.159381462514613	0.215425215028838	0.0907137978262947	0.220018945895665	0.247949395819398	0.166235488281503	0.190035827325738	0.293806485253227	0.23489135602358	0.201753734028409	0.11176308900678	0.192394036879613	0.276800007550046	0.170153254128636	0.193116009989654	0.167064813602351	0.234192976806024	0.181004085282484	0.179166121057903	0.178230623220873	0.259585903592996	0.276032026349659	0.205493365987281	0.257352741669291	0.193396777310225	0.197405379643425	0.194529284149505	0.190571408685148	0.220053157039769
bm_700103610	0.191872611855695	0.280905344842434	0.238747777750252	0.221211617160782	0.151403187770814	0.26541949350991	0.208165374311206	0.356497816975098	0.224131361355799	0.315458600386704	0	0.191269787902704	0.151739400738725	0.256014967965392	0.276477950917625	0.266124950895211	0.17398254287895	0.335393080147273	0.306719422610263	0.21799930869895	0.193074720677805	0.276206621154048	0.296782854790209	0.144706061388949	0.270179561318757	0.233351854538934	0.348382697654885	0.277427605090146	0.204765494404119	0.184888819680138	0.270146529869278	0.262042027800684	0.315478655195316	0.320847445430276	0.293175348629254	0.38141886591237	0.281983585728998	0.263397496923946	0.310877846160743	0.212721354950058	0.304227907563848	0.282867177002561	0.319717297980245	0.301709259541075	0.217672533288033	0.314779096283136	0.319937900874979	0.255544269810317	0.28816636525469	0.240728485024367	0.257092029157332	0.260948450884004	0.327769893485372	0.324412482584758	0.292176147282514	0.321621325103784	0.300658151630869	0.306002168278719	0.295438002918564	0.330733286381487
bm_700106935	0.2572996554112	0.242759919167324	0.304238524815466	0.28364695514919	0.234983372204271	0.197267355372388	0.287531689546844	0.24018818488646	0.211573512080663	0.268635341055614	0.191269787902704	0	0.23288705485698	0.255471128743613	0.277505464935347	0.254664217620627	0.229301962893885	0.35549625623911	0.2191400734006	0.235733657985294	0.217254921391049	0.237499660837796	0.236815437955731	0.216531768586384	0.316299722653794	0.226659446935566	0.363429702587188	0.27694275059958	0.265553978697074	0.298711655500857	0.359346779492661	0.245702077560203	0.410494799316249	0.285665412651281	0.394502858989922	0.428039217768089	0.345615134066396	0.384838800628069	0.228923280919501	0.279019013138259	0.403193669286768	0.272767811324361	0.383379518377873	0.340888097707028	0.27979643189564	0.353460103317655	0.369233800138496	0.315846719918082	0.39262006636962	0.296418329151316	0.337814993210857	0.35550451410148	0.41106695120901	0.381834118420106	0.369836624091488	0.343347760998588	0.39320873398712	0.409096861186513	0.373827531005324	0.387859998560773
bm_700113555	0.285844726234167	0.209861775180877	0.237393488321613	0.296787573568706	0.254326824958091	0.191230857980103	0.282004820232235	0.293974001889871	0.267975891760659	0.202441495994347	0.151739400738725	0.23288705485698	0	0.178582172218899	0.228263831624546	0.169026645762478	0.235295991279697	0.217812916948319	0.284557679399111	0.301108794977332	0.128698785032506	0.207720629437864	0.206937312207362	0.196631499969918	0.159611502966342	0.209198786802048	0.243465376552626	0.173140240917236	0.265656612129384	0.122343770091674	0.197090401178751	0.196899290649622	0.254615850141032	0.223645327170609	0.227244575469194	0.307964000438846	0.228753404893609	0.207305376930128	0.391519411285195	0.259562309700511	0.235199256320509	0.219250964695279	0.241793749270064	0.235714782871306	0.117063456953533	0.228857218020543	0.258114824396557	0.178547961074796	0.224613856457117	0.13833806980725	0.18431194900888	0.181071327876066	0.309031624073792	0.252715362101366	0.22631615579991	0.32211443745672	0.234769847477282	0.223685436787833	0.207168532353715	0.291109703342193
bm_700014977	0.28533745754574	0.19885286494738	0.24190935934324	0.274118561669126	0.313502666699698	0.229729012347864	0.286662254608772	0.31004144267215	0.37576694896759	0.187280060683491	0.256014967965392	0.255471128743613	0.178582172218899	0	0.290712146253821	0.111278234516213	0.298084057960756	0.22359577999639	0.240250708701546	0.244594344308032	0.219669756286888	0.119637550623646	0.215442910448201	0.211014336828769	0.245262051465358	0.166564623081669	0.24927419288243	0.248345773213146	0.338875538678058	0.197905570164107	0.221387391659795	0.140965249735453	0.260747902797882	0.178373366270407	0.225347626513401	0.345468851932989	0.25520923653703	0.239284538804285	0.376468867269019	0.27217088584449	0.267846125351991	0.170661702511688	0.263325535551867	0.222978799707908	0.179735913561415	0.252904113241246	0.201090745649581	0.163193055845564	0.263067182429156	0.196183216012703	0.216913989644641	0.187540773195451	0.303024619047113	0.239306953002146	0.225178930182133	0.265956254563944	0.240991556925574	0.231516249703602	0.277912459580713	0.269948341172404
bm_700024502	0.386057425174919	0.169256686214207	0.391508794033576	0.394284615484436	0.390527288106201	0.237399386794734	0.426047893242355	0.172906661381635	0.38714864270235	0.307729241208621	0.276477950917625	0.277505464935347	0.228263831624546	0.290712146253821	0	0.232557920056814	0.35173185069313	0.307184222292217	0.296420688540564	0.352904467149634	0.159493533503917	0.304007304669113	0.158123908045163	0.344249047691515	0.27314531360412	0.242716270466227	0.182630884169324	0.305879480037797	0.446435375738636	0.248061466808702	0.353213547141187	0.300464681712492	0.407848744274057	0.336825229421112	0.387178135067956	0.446129834830956	0.381212419353126	0.379276540474733	0.443961556111585	0.417860812550063	0.396994374036337	0.32216988310406	0.3824322235946	0.370334455222921	0.271152809383763	0.382927695336785	0.352648473416171	0.322057812114756	0.369645513562359	0.287685049847996	0.373492497732037	0.325600435071377	0.477503813362873	0.401349806589066	0.377442115334025	0.439574271804001	0.391086463358095	0.400601880197292	0.348333150480667	0.356863522308615
bm_700024400	0.285422395558686	0.244153138518563	0.234448970539486	0.283990246284847	0.351880492215785	0.245138183529811	0.281424410477104	0.329846156024052	0.330558691577098	0.166184761412661	0.266124950895211	0.254664217620627	0.169026645762478	0.111278234516213	0.232557920056814	0	0.273187782610593	0.192114449253666	0.245993462132392	0.252757831107839	0.174345888823219	0.143844884313247	0.254106222063357	0.219505778734117	0.179763046537773	0.22331265328657	0.210113050135842	0.212155101530418	0.378602934844286	0.217219530552321	0.208797690629804	0.172618815893318	0.253483343301753	0.173614478156184	0.212439407934862	0.320381466053697	0.253899775504113	0.223559209463038	0.39614853299075	0.249263575630812	0.253199036897309	0.190357883958159	0.21002929181752	0.208095772328375	0.129631923480288	0.241803186827058	0.179471661965584	0.159182094123115	0.234539807025553	0.137038046331327	0.237914913345531	0.184164487180848	0.279864854183846	0.246866436154337	0.21488727428018	0.283366187828619	0.212990325324387	0.208776456126567	0.23237624708468	0.269825652931482
bm_700024745	0.11633794475962	0.366998278825543	0.274092608387393	0.15324823016314	0.232201652280291	0.313448400746983	0.139413951304565	0.39479660295136	0.196563077681711	0.187731883724579	0.17398254287895	0.229301962893885	0.235295991279697	0.298084057960756	0.35173185069313	0.273187782610593	0	0.264865037036513	0.290893819225955	0.1476906887883	0.238425721117831	0.289448693311249	0.357023960777513	0.214564037953135	0.212387501371395	0.331949551539089	0.292572524676262	0.215893553794665	0.212812191436125	0.253519913835105	0.185238009288915	0.289737718494191	0.233368370263674	0.218035879232302	0.255876943694355	0.278486970862722	0.221268242502746	0.23054418133322	0.254777468304555	0.15397846113555	0.239282179415037	0.241244011575164	0.227766000493112	0.301479219089346	0.216092922186163	0.210566052871554	0.244868033460858	0.247523526060044	0.218541968226105	0.223888344263204	0.212068983822848	0.316867155768058	0.277395753335292	0.233890974982216	0.285016580607944	0.255528933780202	0.232305465407225	0.238595597143723	0.214398880705741	0.26089182554204
bm_700014787	0.217208913300703	0.298005018420932	0.269980192927259	0.248062646503326	0.386607162869819	0.302189395253145	0.215280112590055	0.402835042120997	0.283853401708434	0.198181618706182	0.335393080147273	0.35549625623911	0.217812916948319	0.22359577999639	0.307184222292217	0.192114449253666	0.264865037036513	0	0.29349622556705	0.310243170452897	0.223412927329631	0.225162414457394	0.323218631625018	0.209675383430245	0.121893126745211	0.302178778001527	0.207613277227057	0.141412353998044	0.324444334339613	0.235229928380739	0.170631030451457	0.22350966228882	0.203795785422985	0.209749704191573	0.155536837734184	0.293450217476704	0.201270059232467	0.174782375834192	0.379164469485429	0.235469406389462	0.200552804900923	0.179866859664707	0.166577599722536	0.263547318141226	0.178588070692021	0.184692990372512	0.195736111750112	0.195399898782201	0.204652243720191	0.181622245265591	0.147273076891316	0.146476783019947	0.24699502286838	0.18666072100576	0.24922700509746	0.31419986622263	0.189751520921294	0.159003960234854	0.185326486385734	0.266573234852426
bm_700114172	0.314472375680831	0.281272229870576	0.207838598900289	0.310251428315266	0.268149306870423	0.262822985641937	0.340863324119918	0.347417707452249	0.248891971824174	0.277322612268588	0.306719422610263	0.2191400734006	0.284557679399111	0.240250708701546	0.296420688540564	0.245993462132392	0.290893819225955	0.29349622556705	0	0.278037507210883	0.261814346738203	0.224579645313014	0.27819204720666	0.252045295554793	0.307100463973896	0.234221289477006	0.319943799348101	0.329880367168155	0.289690530709221	0.306717063221015	0.33963408232145	0.246971428975895	0.404851140233839	0.29222215537286	0.38659890500745	0.440116931331156	0.364801687435191	0.383661465393068	0.387516707425116	0.365875209543258	0.398630610480171	0.263398676618571	0.369227901665375	0.357127773904447	0.2718405713497	0.347382316613521	0.353801035064063	0.282135766335526	0.379249407498375	0.296661346243911	0.323408562459522	0.31529108375006	0.314218741336618	0.359988533368252	0.360502880224425	0.218050035567793	0.392191837221017	0.387499012005752	0.35629019072123	0.386314598603006
bm_700038535	0.176738309521197	0.332051005276774	0.323885159087719	0.192881250759428	0.304158305581017	0.280100793108696	0.210955352097556	0.383181329680999	0.278398493765904	0.208565290788826	0.21799930869895	0.235733657985294	0.301108794977332	0.244594344308032	0.352904467149634	0.252757831107839	0.1476906887883	0.310243170452897	0.278037507210883	0	0.299871295316494	0.261879229942537	0.346663882587353	0.266798556525658	0.280956071711277	0.226218241146097	0.284635539244311	0.309285258418006	0.276820062358658	0.292822619936603	0.254691350596984	0.265282648933497	0.314477094459328	0.241117784250369	0.305174022652496	0.371718237017166	0.305323843869776	0.289986634059907	0.233033336990387	0.19186553368795	0.316644193484075	0.20158739708639	0.30633838124663	0.379114922311211	0.292171428504017	0.30956130696008	0.25711090427132	0.281298183152309	0.290477387023595	0.305629384777456	0.269430455232359	0.358170623952284	0.320827390621664	0.298658569242766	0.371478759008443	0.223726726099682	0.302910188668561	0.290738099535554	0.296142280609242	0.272945945212622
bm_700106343	0.295146618346375	0.254684272429239	0.285238363197303	0.278064640187241	0.277617535924651	0.198206392293291	0.349222640227351	0.259039704981968	0.296572869147093	0.238203938528473	0.193074720677805	0.217254921391049	0.128698785032506	0.219669756286888	0.159493533503917	0.174345888823219	0.238425721117831	0.223412927329631	0.261814346738203	0.299871295316494	0	0.253758212149203	0.247602565599869	0.246288385788455	0.193476996544674	0.206345105505989	0.301014419407392	0.220668957633627	0.327589400207862	0.148758312423246	0.267049831480623	0.259287440853061	0.32706679548932	0.272669896670548	0.298621998709414	0.328664102010554	0.26867309128359	0.296215421675945	0.365437542837661	0.319503773253256	0.288057833349259	0.287480962678001	0.281343011548031	0.276500365115486	0.182419718831583	0.296756901508476	0.321772326015688	0.222056278511744	0.292473430327825	0.203880723435931	0.274562126847844	0.236975876424629	0.383108188614295	0.307260902442794	0.282543940675517	0.396344362298375	0.29869867885999	0.316460161122692	0.275785470173191	0.331935395203598
bm_700105158	0.26249621023102	0.169837095969337	0.212367446562783	0.306508257272522	0.318292226874151	0.191084575846696	0.278878629477973	0.293752219300512	0.355431373034776	0.154753520503682	0.276206621154048	0.237499660837796	0.207720629437864	0.119637550623646	0.304007304669113	0.143844884313247	0.289448693311249	0.225162414457394	0.224579645313014	0.261879229942537	0.253758212149203	0	0.201746655860664	0.241976601936823	0.23876665286424	0.17314967847423	0.262399475271831	0.205534655299129	0.355282731512121	0.21539808205248	0.20102114366675	0.0868668136566169	0.225965786496508	0.170785570447234	0.211398917276274	0.320987829090562	0.206929054344992	0.197372348193947	0.352969350353967	0.271066691676193	0.266305444172721	0.123318197851304	0.215948999442004	0.192285504974182	0.14792662771315	0.210520044781208	0.181349735807389	0.151459813112778	0.227291763254164	0.175559794591572	0.168853230652713	0.168219734639491	0.300622760792141	0.162081783509521	0.17907646426646	0.24389124631198	0.214955696568386	0.207901122715374	0.257239490985364	0.256001991324526
bm_700110595	0.377179043432817	0.06186672517952	0.359956681613398	0.417222597758344	0.371977769834501	0.21162541864413	0.418891865651657	0.145650996782973	0.368653390383365	0.246045368695859	0.296782854790209	0.236815437955731	0.206937312207362	0.215442910448201	0.158123908045163	0.254106222063357	0.357023960777513	0.323218631625018	0.27819204720666	0.346663882587353	0.247602565599869	0.201746655860664	0	0.324364115105164	0.313887247147203	0.211272689951479	0.18535597875134	0.286235205154794	0.389135248449586	0.220751536257324	0.337799657180742	0.227833243086695	0.394959400809506	0.281306441014679	0.358150569143671	0.432898379925373	0.331042366373041	0.36044861427171	0.401070218963119	0.382488848936564	0.388349571829836	0.237486684196929	0.370222384233617	0.361274400508684	0.24892972205215	0.355065667701259	0.348922997792791	0.313674902114839	0.378797584457287	0.283065365699435	0.304808317318979	0.316372863720497	0.462344737441266	0.352836044861427	0.350469577445183	0.37083110665973	0.390050691478004	0.371784299916124	0.372479140049807	0.384331531939642
bm_700102856	0.170824500369834	0.305952621104501	0.220469589242129	0.195890651745889	0.217819995116064	0.303905850931428	0.159507689839408	0.406115772871035	0.226011794586853	0.314111389125811	0.144706061388949	0.216531768586384	0.196631499969918	0.211014336828769	0.344249047691515	0.219505778734117	0.214564037953135	0.209675383430245	0.252045295554793	0.266798556525658	0.246288385788455	0.241976601936823	0.324364115105164	0	0.249987908130101	0.281919882219289	0.310927393334961	0.244747704609185	0.231369967570195	0.238866926907301	0.273454393595674	0.257143935720799	0.308221173866933	0.308057196314162	0.265075022679629	0.398880705740512	0.274454774637037	0.257076693127217	0.341792923483827	0.212914824868435	0.323147849947563	0.275713508801112	0.280022933263495	0.26703803453438	0.203476088179814	0.261508805830523	0.306748914975869	0.223480169923214	0.30898089720495	0.233220908435642	0.232393942504043	0.212170437560533	0.302555100586662	0.285005963356326	0.263245316317418	0.349332351827406	0.30018391439192	0.285520310212498	0.291268962116467	0.384520283079522
bm_700107938	0.236728140553536	0.300784378955664	0.275954166504459	0.208840159636277	0.3287879699461	0.301094638641841	0.227265809972431	0.383483331504807	0.227025152269084	0.169283819190564	0.270179561318757	0.316299722653794	0.159611502966342	0.245262051465358	0.27314531360412	0.179763046537773	0.212387501371395	0.121893126745211	0.307100463973896	0.280956071711277	0.193476996544674	0.23876665286424	0.313887247147203	0.249987908130101	0	0.301900370070204	0.210458700660747	0.165676313029609	0.27386138824104	0.241015150818059	0.144951437870793	0.225170672319763	0.200577578488033	0.169269662855073	0.12542395275559	0.251637121214802	0.141105633395739	0.14766827459044	0.37311027667378	0.182578977605857	0.179205050980503	0.150546729473608	0.184652880755288	0.227262270888558	0.126596569212094	0.179407958455874	0.192279606501061	0.237564544042129	0.152632429569282	0.163164743174582	0.147641141614082	0.175018314759041	0.238390330279104	0.202820177968731	0.242037946057284	0.285233644418806	0.165827313941513	0.163861942697513	0.148486982659669	0.255113681272466
bm_700114223	0.327604736237977	0.183027261563072	0.326138375820035	0.367617618503274	0.297596844080941	0.108950697022569	0.371650994423584	0.20041596032451	0.351478216348916	0.2552174943994	0.233351854538934	0.226659446935566	0.209198786802048	0.166564623081669	0.242716270466227	0.22331265328657	0.331949551539089	0.302178778001527	0.234221289477006	0.226218241146097	0.206345105505989	0.17314967847423	0.211272689951479	0.281919882219289	0.301900370070204	0	0.280416951267995	0.25334649872534	0.351442825510188	0.194301603087025	0.302497295550074	0.187547851363196	0.370970310625391	0.26148875102191	0.336886573541573	0.420472656448152	0.308938428198477	0.320467583761268	0.316794014701354	0.36797742536367	0.367989222309913	0.192546217486142	0.353464822096152	0.325191081036763	0.239408406739831	0.331572049259329	0.310867228909125	0.24771935536767	0.334114291174587	0.26868134914596	0.267580694061535	0.294474192410553	0.44035404995063	0.329283441688285	0.326197360551248	0.354682266948378	0.353471900263898	0.352247377243927	0.344207758379666	0.319763306070591
bm_700023545	0.311031206461895	0.176346650905946	0.382328410467666	0.341354077083606	0.432854731224275	0.321240283740151	0.315876212283688	0.27179338356473	0.351533661996256	0.193563114252245	0.348382697654885	0.363429702587188	0.243465376552626	0.24927419288243	0.182630884169324	0.210113050135842	0.292572524676262	0.207613277227057	0.319943799348101	0.284635539244311	0.301014419407392	0.262399475271831	0.18535597875134	0.310927393334961	0.210458700660747	0.280416951267995	0	0.251323322444752	0.363335327017248	0.290952803957168	0.2437024951721	0.266616883553523	0.300510689802838	0.216225047984079	0.266917705682707	0.356107338054471	0.265415954426037	0.274368656929467	0.422660989976135	0.287020881774544	0.281471598262074	0.174764680414828	0.277215260057781	0.356845826889251	0.243701315477475	0.274275461054152	0.240301435570388	0.277278963567491	0.270692728480306	0.244352506910061	0.225952809855641	0.300354970112437	0.356813975134397	0.288731438979706	0.346871508841221	0.318870277240034	0.272663998197427	0.271562163418378	0.259325191081037	0.28155653627502
bm_700098275	0.200285014221219	0.273849591294797	0.262187130239466	0.286379127898952	0.302490217382328	0.233384885988413	0.185957623009708	0.344461392723879	0.228768740923724	0.188163651957054	0.277427605090146	0.27694275059958	0.173140240917236	0.248345773213146	0.305879480037797	0.212155101530418	0.215893553794665	0.141412353998044	0.329880367168155	0.309285258418006	0.220668957633627	0.205534655299129	0.286235205154794	0.244747704609185	0.165676313029609	0.25334649872534	0.251323322444752	0	0.239374195595728	0.234991630066641	0.165169044341182	0.209542077937705	0.183155848277115	0.19761772467579	0.166021963554514	0.268292049919958	0.192117988337539	0.171993577742466	0.303734795210912	0.248934440830647	0.218066551292532	0.179722936920549	0.135464333702578	0.223227715273624	0.196047551130914	0.143104036089218	0.164693627407609	0.179820851574361	0.182363093489619	0.17184493621981	0.133022365830381	0.207108367927878	0.244562492553178	0.155490829643838	0.226697197163542	0.288192318536424	0.167917732815683	0.160221405087079	0.175730850312088	0.23866401943193
bm_700101084	0.196340115397728	0.372606547069226	0.221046459913387	0.223055479858484	0.0944746642884023	0.372393022342236	0.188118823561333	0.450645705852583	0.105658169326288	0.325586278735886	0.204765494404119	0.265553978697074	0.265656612129384	0.338875538678058	0.446435375738636	0.378602934844286	0.212812191436125	0.324444334339613	0.289690530709221	0.276820062358658	0.327589400207862	0.355282731512121	0.389135248449586	0.231369967570195	0.27386138824104	0.351442825510188	0.363335327017248	0.239374195595728	0	0.292171428504017	0.284969392822974	0.331666424829269	0.325047158292604	0.302978610956768	0.30065579224162	0.356075486299616	0.25991739778241	0.289014565689526	0.308250666232539	0.199972395145793	0.299507949372226	0.283321359432897	0.325220573402369	0.360353059007145	0.320661053679644	0.29445413760194	0.332774158081439	0.324989353256016	0.293839516702706	0.322550924467692	0.230554798584838	0.351038190254071	0.20756962852596	0.309717026650481	0.366306977775733	0.234332180771685	0.286847466664779	0.313149938007047	0.319566297068341	0.360564224344886
bm_700096275	0.28939324766391	0.219530552321226	0.267803656345518	0.272684053006039	0.254857687539004	0.210139003417575	0.2982515745974	0.293185965880872	0.330393534329703	0.231572875045566	0.184888819680138	0.298711655500857	0.122343770091674	0.197905570164107	0.248061466808702	0.217219530552321	0.253519913835105	0.235229928380739	0.306717063221015	0.292822619936603	0.148758312423246	0.21539808205248	0.220751536257324	0.238866926907301	0.241015150818059	0.194301603087025	0.290952803957168	0.234991630066641	0.292171428504017	0	0.21278033968127	0.214936821454398	0.255514777444711	0.244976565366289	0.2423257915456	0.281199088803872	0.202741138428906	0.214100417965805	0.396592098169468	0.292409726818116	0.249294247691043	0.244538898660693	0.285723217687869	0.244491710875723	0.153813303888156	0.256558807187172	0.283860479876179	0.173708853726124	0.233584254379911	0.181996208461478	0.19781473367804	0.201229949615243	0.323143131169066	0.271899556080913	0.221611533638402	0.353897770023252	0.24972365653427	0.239554688873238	0.265471400073377	0.286843927580906
td_700111302	0.196436850356917	0.297188669740951	0.223042503217617	0.194063304772926	0.341790564094578	0.311442919885758	0.171916897591889	0.414082250668592	0.302112715102569	0.159532463426517	0.270146529869278	0.359346779492661	0.197090401178751	0.221387391659795	0.353213547141187	0.208797690629804	0.185238009288915	0.170631030451457	0.33963408232145	0.254691350596984	0.267049831480623	0.20102114366675	0.337799657180742	0.273454393595674	0.144951437870793	0.302497295550074	0.2437024951721	0.165169044341182	0.284969392822974	0.21278033968127	0	0.154981201566163	0.0948415493165439	0.113555045141015	0.104640092865561	0.188153034705436	0.110997467195642	0.0867960319791619	0.370071383321713	0.136868170305435	0.098150592737564	0.13768569868004	0.10941195762065	0.170219317027594	0.120941113183441	0.119271845290128	0.0909391194995263	0.153848694726883	0.0721984906986977	0.104788734388216	0.100821421366865	0.166677873765597	0.172001835604835	0.110778043995531	0.149863686286168	0.189871849772968	0.0974498541307597	0.0664781514657116	0.0932560397415525	0.140574770814827
td_700021683	0.288160466781569	0.182512914706899	0.207180329299957	0.297694758734754	0.303488239034444	0.197354652774583	0.268120994199442	0.300128468744581	0.360139534280156	0.159381462514613	0.262042027800684	0.245702077560203	0.196899290649622	0.140965249735453	0.300464681712492	0.172618815893318	0.289737718494191	0.22350966228882	0.246971428975895	0.265282648933497	0.259287440853061	0.0868668136566169	0.227833243086695	0.257143935720799	0.225170672319763	0.187547851363196	0.266616883553523	0.209542077937705	0.331666424829269	0.214936821454398	0.154981201566163	0	0.212294305496079	0.121697297437585	0.1942614934698	0.289920571160949	0.184943085632853	0.177115811800957	0.332974706167561	0.236222051559733	0.217710283516009	0.119282462541746	0.18812354233983	0.17601161763266	0.122623357717621	0.212944317234041	0.144778022761028	0.159747167848131	0.177627799267881	0.108018738269412	0.141483135675499	0.170608616253597	0.271648281125948	0.172650667648173	0.169517398726166	0.20095154168392	0.18328207560191	0.188210839742024	0.20317526605063	0.196003902429817
td_700037690	0.220008328644047	0.372971072708119	0.277583324780547	0.235280655249582	0.373520810403019	0.368031691316386	0.183943884286114	0.464659298294044	0.3453331870512	0.215425215028838	0.315478655195316	0.410494799316249	0.254615850141032	0.260747902797882	0.407848744274057	0.253483343301753	0.233368370263674	0.203795785422985	0.404851140233839	0.314477094459328	0.32706679548932	0.225965786496508	0.394959400809506	0.308221173866933	0.200577578488033	0.370970310625391	0.300510689802838	0.183155848277115	0.325047158292604	0.255514777444711	0.0948415493165439	0.212294305496079	0	0.178071364446599	0.0853320309504682	0.15702915143386	0.122385059403523	0.0855089851441056	0.36332470976563	0.200181201094285	0.0961675260742004	0.21803823862155	0.0913402156717712	0.111271156348468	0.201218152669	0.0810650754945575	0.113708405442167	0.177431969960256	0.0625497683669605	0.164829292289398	0.139528381683118	0.14629157096394	0.173930636315483	0.0967809672788102	0.109469762657239	0.239689174060403	0.07431722224385	0.0793403619539046	0.0941254746796244	0.136392753371862
td_700111162	0.276788210603803	0.266620422637396	0.284469202302292	0.243978543714174	0.368597944736026	0.252762549886336	0.263397496923946	0.326574862831008	0.318567095721601	0.0907137978262947	0.320847445430276	0.285665412651281	0.223645327170609	0.178373366270407	0.336825229421112	0.173614478156184	0.218035879232302	0.209749704191573	0.29222215537286	0.241117784250369	0.272669896670548	0.170785570447234	0.281306441014679	0.308057196314162	0.169269662855073	0.26148875102191	0.216225047984079	0.19761772467579	0.302978610956768	0.244976565366289	0.113555045141015	0.121697297437585	0.178071364446599	0	0.187114903436097	0.229053047328169	0.13109002603586	0.14210247535323	0.283054748447817	0.188803046443398	0.171046282959193	0.117586061672076	0.167441136187486	0.239844893750804	0.14373753210244	0.174821305756792	0.130281935218249	0.22846202032142	0.148619108457585	0.134762415401149	0.151838495087162	0.248270272757194	0.237330964506528	0.190945371881035	0.231819431222034	0.18666072100576	0.153306035199728	0.168476908067578	0.162291769152637	0.175760342677694
td_700023227	0.229408135410068	0.316428309367837	0.243893605701228	0.231555179626202	0.344431900358273	0.361661340345438	0.177113452411709	0.442322960278502	0.303336058427915	0.220018945895665	0.293175348629254	0.394502858989922	0.227244575469194	0.225347626513401	0.387178135067956	0.212439407934862	0.255876943694355	0.155536837734184	0.38659890500745	0.305174022652496	0.298621998709414	0.211398917276274	0.358150569143671	0.265075022679629	0.12542395275559	0.336886573541573	0.266917705682707	0.166021963554514	0.30065579224162	0.2423257915456	0.104640092865561	0.1942614934698	0.0853320309504682	0.187114903436097	0	0.191311077214552	0.143506311956087	0.0996346485748699	0.386541099970862	0.166347559270807	0.106841403034411	0.157755843322398	0.0982697418946132	0.142072982987624	0.152456655070268	0.112024981213363	0.113925469253029	0.175655349856136	0.088554956663918	0.155259609497485	0.114436277025329	0.112205474490873	0.151459813112778	0.111420977565747	0.141729691851967	0.243534978535456	0.0961580885172064	0.0726019462601911	0.110294369199589	0.179241621513855
td_700110760	0.308636426374669	0.419399134340085	0.39195943738004	0.295291720785158	0.40085669423613	0.398269623925151	0.265109233823732	0.468833057874639	0.378253745235508	0.247949395819398	0.38141886591237	0.428039217768089	0.307964000438846	0.345468851932989	0.446129834830956	0.320381466053697	0.278486970862722	0.293450217476704	0.440116931331156	0.371718237017166	0.328664102010554	0.320987829090562	0.432898379925373	0.398880705740512	0.251637121214802	0.420472656448152	0.356107338054471	0.268292049919958	0.356075486299616	0.281199088803872	0.188153034705436	0.289920571160949	0.15702915143386	0.229053047328169	0.191311077214552	0	0.175315597804352	0.212474798773589	0.380611954789383	0.268811115554627	0.113006487140739	0.293602398083232	0.174515764849111	0.194213125990206	0.274562126847844	0.193909944471774	0.212437048545613	0.23953581375925	0.13195592189006	0.2352523425786	0.205461514232426	0.258532436293541	0.261249273013188	0.184241167331425	0.204836276081574	0.335442627321492	0.143362389211929	0.179838546993725	0.156859275407968	0.164776206031307
